data/dem_4_50.asc
ncols         88
nrows         295
xllcorner     185525
yllcorner     681675
cellsize      50
NODATA_value  -9999
[rows 261 to 289 of 295, columns 0 to 63 of 88]
7.01 6.80875 6.5175 5.931875 5.423125 5.080625 4.82 4.710625 4.881875 4.991875 4.86375 4.568125 4.04375 3.47375 3.259375 3.996875 4.64875 3.963125 3.32 3.3425 3.738125 4.755 5.961875 6.720625 6.84 6.519375 6.175 6.1975 6.576875 7.34375 8.5875 9.733125 10.13625 10.18312 10.46313 11.48563 14.25125 19.14062 22.57187 20.73875 16.57375 13.80125 13.02 14.20375 16.1275 16.58813 15.0075 13.2625 12.66562 12.14312 10.835 9.770625 9.300625 8.90375 8.286875 7.705625 7.71875 8.11375 8.540626 9.23 10.4075 11.00562 10.42562 9.938125
7.385625 6.64875 6.280625 5.921875 5.504375 5.23625 4.776875 4.438125 4.824375 5.25625 5.219375 4.878125 4.34625 3.905 3.64625 3.956875 4.66 4.738125 4.5075 4.53 4.82 5.563125 6.48875 7.085625 7.24 7.204375 7.235625 7.444375 7.899375 8.75875 10.00437 11.1225 11.34875 10.97313 11.13875 12.705 16.15125 20.57688 23.06562 21.55563 17.94812 15.17125 14.39062 15.65938 17.69875 17.9225 15.7575 13.87125 13.51875 12.71062 11.00812 10.31375 10.5625 10.55062 9.746875 8.97375 8.828125 8.754375 9.168125 9.98875 10.43812 10.43812 10.19063 10.07687
7.34875 6.288125 6.073125 5.9225 5.549375 5.3475 4.92875 4.575625 4.928125 5.3875 5.456875 5.2825 5.026875 4.988125 4.965 5.078125 5.7925 6.4575 6.594375 6.464375 6.365625 6.59 7.016875 7.294375 7.345 7.3475 7.48625 7.894375 8.603125 9.599375 10.89563 12.19688 12.8725 12.96437 13.26625 14.50375 17.0525 20.21563 22.11938 21.48438 19.1325 16.86938 16.01063 17.02125 18.945 19.35875 17.43312 15.67813 14.94625 13.17375 10.97125 10.56063 11.87562 12.91875 11.93375 10.21562 9.293125 9.061875 9.991875 11.36938 11.50063 10.74125 10.26625 10.22937
7.65375 6.64375 6.216875 5.909375 5.555 5.39875 5.244375 5.1175 5.255 5.483125 5.63125 5.708125 5.825 6.25625 6.833125 7.441875 8.27375 8.90625 9.001875 8.7475 8.384376 8.16125 8.103125 8.023125 7.839375 7.68875 7.8275 8.410625 9.3175 10.43875 11.88188 13.48 14.68563 15.22312 15.28813 15.51437 16.8275 19.28687 21.43813 21.97625 20.95188 19.1575 17.92063 18.37938 20.15187 21.41375 20.71688 18.805 16.6 13.8475 11.66375 11.55 13.49375 15.13313 13.8925 11.43375 10.03187 9.57875 10.33062 11.80812 12.1225 11.23812 10.55812 10.44375
7.92125 6.939375 6.33375 5.9625 5.64875 5.388125 5.295 5.40375 5.53 5.653125 5.858125 6.07375 6.399375 7.105625 8.158125 9.375 10.50937 11.12 11.205 11.07563 10.76313 10.33125 9.9075 9.440001 8.940625 8.645 8.846251 9.584375 10.64062 11.97875 13.72437 15.64875 17.20875 17.69438 16.91625 16.13437 16.67188 18.685 21.15688 22.61062 22.4525 20.99562 19.54563 19.65375 21.41937 23.33125 23.57625 21.43 18.05375 15.23312 13.56 13.48625 15.22062 16.195 14.26375 11.7475 10.61375 10.06875 10.13875 11.13875 11.76688 11.34375 10.8175 10.6875
7.859375 6.88125 6.36375 6.153125 5.8825 5.373125 5.095 5.4125 5.72875 5.88 6.1225 6.363125 6.71625 7.4825 8.749375 10.425 12.01625 12.8625 13.12125 13.23 13.11125 12.72062 12.12687 11.2975 10.4275 9.961875 10.20312 11.0275 12.2075 13.865 16.03813 18.25375 20.18813 20.65812 18.99125 17.53625 17.59188 18.80313 20.77375 22.21125 22.42625 21.565 20.5175 20.63062 22.20563 23.92687 24.085 21.75875 18.60625 17.14437 16.41937 15.935 16.4275 15.89188 13.33687 11.30375 10.9775 10.8075 10.46875 10.5825 10.95063 11.1075 10.97875 10.86125
7.544375 6.85375 6.495 6.34 6.065625 5.484375 5.150625 5.509375 5.89 6.10625 6.4325 6.72875 7.07625 7.800625 9.09 10.86625 12.60812 13.74 14.31812 14.615 14.69563 14.58875 14.15625 13.2225 12.03438 11.19875 11.15688 11.84875 13.10063 15.0075 17.43438 19.74937 21.78375 22.3 20.79062 19.78563 19.60375 19.50625 20.14875 21.1375 21.7125 21.69062 21.44687 21.64125 22.5225 23.26188 22.75 20.60188 18.46625 18.1325 18.12563 17.47062 16.58688 15.1225 13.13188 11.73938 11.64875 11.68312 11.4075 11.32875 11.14875 10.85625 10.84188 10.92062
7.22875 6.839375 6.604375 6.39875 6.09 5.68375 5.503125 5.716875 5.97875 6.22875 6.628125 7.061875 7.518125 8.208125 9.28375 10.69438 12.16375 13.36875 14.18375 14.695 15.12125 15.51562 15.54 14.84313 13.54938 12.29 11.71688 12.0225 13.11438 14.91062 17.1525 19.32438 21.18438 21.97812 21.67937 21.61938 21.39187 20.64812 20.48812 21.10063 21.83438 22.42625 22.905 23.23625 23.41 23.06313 21.91438 20.24813 18.825 18.19188 17.88375 17.28 16.1425 14.81563 13.67188 12.81875 12.49063 12.3475 12.34438 12.90125 12.70938 11.27063 10.63562 10.97875
7.1825 6.840625 6.85125 6.6775 6.185 5.78625 5.700625 5.865625 6.041875 6.179375 6.479375 7.03125 7.705625 8.426875 9.231875 10.14875 11.15563 12.12062 12.94438 13.77687 14.76062 15.68563 16.1225 15.75438 14.61 13.23 12.35938 12.31688 13.00937 14.30812 16.03875 17.89625 19.59875 20.7125 21.30937 21.85125 21.96938 21.70563 21.83313 22.42 23.09688 23.9075 24.79375 25.47688 25.6425 24.69813 22.87563 21.04625 19.43438 18.06562 17.175 16.58187 15.82812 14.905 14.07 13.455 13.08 12.97563 13.26937 13.96438 13.87687 12.33375 11.09875 11.3175
7.53125 7.36875 7.785625 7.641875 6.58875 5.728125 5.736875 6.100625 6.2275 6.16375 6.238125 6.736875 7.545625 8.388125 9.109375 9.6975 10.29125 10.93062 11.65187 12.75562 14.21875 15.46313 16.06375 15.93437 15.0975 13.97062 13.27938 13.2525 13.61312 14.25375 15.2625 16.5925 18.03 18.97125 19.64062 20.77437 21.74688 22.4275 23.3975 24.23625 24.64188 25.45125 26.86375 28.2225 28.77938 27.49 24.8825 22.09 19.61563 18.035 17.17375 16.6125 16.06688 15.37125 14.68 14.12062 13.83562 13.9725 14.45187 14.81188 14.50313 13.4025 12.13062 11.88875
7.551875 8.07875 9.059375 8.966875 7.444375 6.119375 6.125625 6.565 6.610625 6.465 6.398125 6.718125 7.52625 8.565001 9.37625 9.729375 9.929375 10.29437 10.925 12.08063 13.67938 15.06 15.82125 15.95687 15.4625 14.68937 14.33813 14.56812 14.9325 15.16 15.415 15.98687 16.90375 17.45 17.85563 19.22688 20.95625 22.74937 24.93063 26.35875 26.45 26.85062 28.70687 30.86875 31.47437 29.69437 26.78563 23.24813 19.68438 17.97562 17.57 17.37313 17.195 16.69813 15.88625 15.25313 15.16187 15.54875 16.045 16.08 15.50937 14.51937 13.19625 12.38375
7.099375 8.123125 9.666875 9.70875 8.135625 6.8725 6.614375 6.901875 7.046875 6.9975 6.983125 7.264375 8.1 9.253125 10.08875 10.23625 10.0725 10.1525 10.65875 11.70438 13.215 14.71875 15.78938 16.21688 15.94375 15.36687 15.17438 15.59937 16.31 16.77312 16.70875 16.49937 16.67937 16.86125 16.99 18.15937 20.35812 23.245 26.58375 28.91375 29.39875 29.26312 30.41562 32.50375 33.18375 31.64688 29.12563 25.5625 21.38187 18.94938 18.4025 18.51125 18.80875 18.58 17.42312 16.56187 16.69062 17.31 17.83875 17.7175 17.06125 16.05437 14.59562 13.26812
7.763125 8.699375 9.846875 9.273125 7.7475 7.101875 6.86875 6.9225 7.074375 7.298125 7.58875 8.020625 8.92375 10.02437 10.84125 11.04875 10.79625 10.6225 10.92688 11.8525 13.3125 14.9175 16.1675 16.68063 16.41313 15.8575 15.685 16.21062 17.33313 18.38062 18.46688 17.7375 17.21875 17.175 17.595 19.19812 21.97062 25.32875 28.70125 31.16063 32.28062 32.43438 32.96625 34.46375 35.5025 34.80875 32.34813 28.55688 24.43813 21.50438 20.18188 19.79812 19.93875 19.75187 18.59063 17.6625 17.79812 18.60625 19.32937 19.345 18.76687 17.78875 16.4425 14.82187
9.085 9.8975 10.12 8.686875 7.459375 7.416875 7.38 6.95375 6.671875 7.279375 8.03375 8.58 9.405 10.38937 11.36312 11.97688 11.98312 11.76188 11.92813 12.79125 14.25688 15.85188 17.02813 17.44062 17.10813 16.5275 16.33 16.88688 18.18687 19.49 19.6875 18.77188 17.91937 17.95938 19.12563 21.49063 24.61687 27.73938 30.24375 31.95438 33.14688 34.12875 35.40562 37.1425 38.3 37.51312 34.49062 30.34875 26.44938 23.52063 21.71875 20.81938 20.50312 20.11625 19.27375 18.3725 18.1075 18.98438 20.14187 20.42813 19.78938 18.61625 17.07187 15.50625
9.710625 10.48625 10.54313 9.119375 7.953125 7.835625 7.805625 7.220625 6.78625 7.27 7.990625 8.604375 9.225625 10.20625 11.5275 12.535 12.91562 12.93625 13.21062 13.95438 15.24438 16.90812 18.17625 18.61687 18.36813 17.815 17.54 18.03437 19.29812 20.4475 20.445 19.445 18.5425 18.61312 19.94625 22.3125 25.19188 27.86563 29.6925 30.84625 32.04313 33.65937 35.72875 37.89 39.01812 37.97875 34.92812 31.11312 27.56688 24.70563 22.75562 21.7275 21.17625 20.58 19.74937 18.59438 17.775 18.58562 20.09687 20.3875 19.68625 18.26062 15.90312 14.35625
9.37125 10.1675 10.85625 9.985 8.473125 7.96125 7.9225 7.65375 7.53125 7.576875 7.73375 8.201875 8.81 9.743125 10.79938 11.83625 12.80437 13.35875 13.77 14.15187 14.97188 16.6825 18.42063 19.49937 19.87062 19.59438 19.15063 19.30313 20.4925 21.67813 21.47125 20.2725 19.28375 19.14562 20.03437 21.7725 24.00625 26.19812 27.79563 29.015 30.57625 32.48375 34.37375 36.21687 37.55688 37.3125 35.16875 32.31062 29.4225 26.41875 24.0825 22.83688 22.05313 21.2675 20.35938 19.11187 17.9525 18.33125 19.52813 19.08687 17.7575 16.54563 14.6025 13.18188
9.15 9.995 11.09625 10.72688 9.09625 8.039375 7.914375 7.974375 8.061875 8.23125 8.123125 8.12375 8.78125 9.278125 9.381875 10.31938 11.98063 13.0775 13.36625 13.24625 13.61188 15.29187 17.73625 19.8475 21.10875 21.1975 20.42125 20.21563 21.64625 23.3475 23.2425 21.79437 20.47437 19.92125 20.29062 21.44875 23.18312 25.1225 26.81562 28.36125 30.25625 32.2525 33.85313 35.39938 37.03 37.6 36.21687 34.17688 31.85 28.49375 25.59562 24.02563 22.96812 22.0725 21.44062 20.74375 19.49375 18.6525 18.54188 17.105 14.68563 13.76375 13.79625 13.37687
10.38562 11.09625 11.6375 11.13188 9.5125 8.066875 7.825 8.068125 8.26625 8.705625 8.598125 8.323125 9.038125 9.4875 9.30375 9.784375 11.22188 12.50062 12.82687 12.87813 13.48063 15.1125 17.49937 19.70062 21.4475 22.18438 21.71938 21.86312 23.64875 25.48562 25.48625 23.95813 22.06938 20.81688 20.905 21.99375 23.74125 25.88187 27.83438 29.39125 31.12437 33.35437 35.53563 37.5325 39.24437 39.66 38.1925 36.04875 33.60062 30.2575 27.29625 25.48125 24.1975 23.18375 22.61438 22.19125 20.99625 19.20375 17.59375 15.50313 12.99938 12.26188 13.36187 14.08375
11.93875 12.35375 12.08875 11.05062 9.529375 8.16875 7.650625 7.873125 8.29875 8.75875 8.615625 8.43125 9.49375 10.7525 11.18 10.885 11.155 12.30125 12.92813 13.62687 15.10625 16.55125 17.84188 19.4525 21.36687 22.795 23.10312 23.48812 25.06937 26.725 26.91 25.67438 23.49375 21.48125 21.26687 22.735 25.16438 27.88437 30.14563 31.61125 32.98438 35.15937 37.62938 39.92062 41.66562 41.93937 40.4675 37.82812 34.85875 32.10563 29.63875 27.60938 26.05 24.72562 23.69188 22.71125 21.33813 19.51813 17.3775 15.09437 13.18437 12.48188 13.16562 14.21313
13.485 13.46875 12.56312 10.98875 9.425625 8.3 7.680625 7.6725 8.276875 8.861875 8.6425 8.565625 9.80875 11.60063 12.84625 12.75062 12.26062 12.72563 13.31312 14.39375 16.58625 18.12437 18.87625 20.20875 21.76625 22.82812 22.95375 22.7625 23.78875 25.44438 26.06437 25.5025 23.94813 22.04125 21.38062 22.87437 26.10687 29.58063 32.24125 34.01812 35.39687 36.94437 38.65813 40.56125 42.3075 42.98125 42.29688 40.21313 37.435 35.04062 32.67313 30.3625 28.48 26.76125 25.1625 23.48812 21.56938 19.49187 17.335 15.3875 14.065 13.33813 13.27375 13.88812
15.46937 15.03938 13.61625 11.57187 9.715 8.72625 8.288125 7.931875 8.33875 8.93625 8.660625 8.624375 9.624375 11.19687 12.74875 13.48 13.38937 13.44812 14.07125 15.50438 17.5925 18.84188 19.19625 20.00312 21.16125 21.95812 21.82562 21.315 21.90313 23.3625 24.57875 25.01125 24.64 23.63 22.51125 22.95875 25.77125 29.35188 32.37 34.67062 36.12812 37.23125 38.62625 40.32938 41.99688 43.1125 43.58937 43.21812 41.38375 38.27813 35.23375 33.16813 31.38625 29.41438 27.57625 25.61687 22.90187 20 17.7925 15.99687 14.66562 13.95062 13.68 13.88062
17.36312 16.73187 14.91125 12.36187 10.09188 8.948125 8.6725 8.465625 8.569375 8.776875 8.5825 8.645 9.323125 10.40563 11.585 12.5775 13.42562 14.36875 15.55313 16.83875 17.87938 18.18 17.94875 18.32937 19.475 20.51312 21.00125 21.20437 21.69687 23.0625 25.02 26.26438 26.6775 26.21 24.71062 23.93438 25.15063 27.595 30.3225 32.60688 33.92375 35.39312 37.6925 39.86312 41.4475 42.59312 43.99125 45.22313 44.20063 40.56187 37.25188 36.03 34.78437 32.65375 30.79875 28.99125 25.7025 21.90313 19.11063 16.45 14.48688 13.81188 13.85063 14.16625
19.07562 18.40812 16.24625 13.30625 10.72688 9.27625 8.951875 9.018125 9.07375 9.019375 8.904375 9.055625 9.525625 10.1875 10.81063 11.39125 12.55062 14.4025 16.00688 16.75625 16.91625 16.88563 16.91375 17.465 18.45125 19.43438 20.74937 21.9725 22.63313 24.115 26.45125 28.00687 28.86375 28.9 27.45375 25.965 25.72313 26.63812 28.4225 30.12062 31.41438 33.38125 36.08375 38.42 39.93375 41.145 43.28563 45.4325 45.21125 42.66625 40.24375 39.40187 38.17188 35.75813 33.58375 31.60938 27.95437 23.40375 19.53062 15.90938 13.94625 13.65063 13.96062 14.52938
20.29125 19.84562 17.51438 14.51375 11.89563 9.986875 9.16375 9.19125 9.3325 9.445625 9.55875 9.78875 10.16562 10.60688 10.91687 11.04375 11.81938 13.50187 14.92875 15.45687 15.60188 15.90063 16.4225 17.21563 18.25125 19.54313 21.40125 23.06812 23.99063 25.38 27.485 29.2875 30.7125 31.46625 30.01375 27.82688 27.32937 27.98875 29.22938 30.52938 31.875 33.33625 34.71437 36.25687 37.86125 40.12875 43.22313 45.13375 44.975 43.93875 42.8575 41.62938 39.44312 36.59813 34.21125 32.06375 28.26062 23.07688 18.37375 14.90063 13.69688 13.95875 14.4475 15.13375
20.80313 20.3975 17.87437 15.03438 12.77938 10.68812 9.439375 9.334375 9.42375 9.685 10.06063 10.36375 10.695 11.08938 11.47062 11.53625 11.66625 12.58187 13.76375 14.3975 14.835 15.53625 16.42438 17.48438 18.76375 20.33562 22.35 24.35375 25.66375 26.44938 27.56812 29.3675 31.29 32.31 30.9325 28.7825 28.77188 30.3825 32.2275 33.61687 34.76813 35.40063 35.58 36.37812 38.00875 40.91938 44.07312 44.80875 43.5 42.46625 41.82312 40.14437 37.22313 34.29 32.25 30.74062 27.8875 22.89688 17.8025 14.7825 14.0625 14.48875 15.1075 15.97313
20.65 19.76188 17.6925 15.65063 14.01188 12.14 10.50125 9.814375 9.836875 10.12063 10.41875 10.73688 11.11312 11.57438 12.055 11.93375 11.4775 12.12625 13.42625 14.0675 14.49375 15.455 16.74 18.21375 19.94375 21.585 23.34937 25.57 27.32063 27.71625 27.84875 29.16 30.93188 31.5625 30.54062 29.27188 29.62812 31.85375 34.65125 36.55313 37.57687 38.09188 38.33313 38.82938 39.88438 41.70125 43.15813 42.63625 40.72875 39.34625 38.42125 36.44563 33.75188 31.3825 29.80125 28.86938 26.79437 22.43625 17.81812 15.22687 14.37375 14.5525 15.54313 16.94687
20.57438 19.12812 17.54688 15.90688 14.26125 12.76062 11.15438 10.07187 10.03125 10.07625 10.1275 10.55375 11.275 11.98688 12.40687 12.11125 11.68437 12.47937 13.48563 13.80312 14.245 15.43812 17.0125 18.84625 21.29125 23.35938 24.77375 26.63313 28.5825 29.38 29.65313 30.59875 31.54188 31.40875 30.41 29.75187 30.50125 32.76437 35.65438 37.87563 39.16938 40.09125 40.72438 40.88562 40.76812 40.69313 40.145 38.76062 37.39687 36.905 36.04813 33.60625 31.1625 29.62812 28.68813 27.75937 25.28375 21.005 17.04625 15.11125 14.22375 13.92625 15.32 17.73562
21.48438 19.40313 16.83375 14.48812 12.59562 11.48312 10.63937 9.979375 9.75 9.635 9.831875 10.48063 11.43313 12.08125 12.38562 12.46187 12.48375 13.10312 13.45813 13.7125 14.73875 16.21125 18.10125 20.3925 23.13938 25.71563 27.37938 28.91313 30.435 31.13062 31.68438 32.57812 32.97 32.3775 31.18937 30.435 31.14 33.35563 36.035 38.24125 39.93687 41.39125 42.32375 42.13 40.83125 39.09875 37.35 35.79562 34.95687 34.87188 33.74438 31.18563 29.4375 28.8075 28.27812 26.955 24.22812 20.25875 16.47187 15.01125 14.5725 13.62562 14.69188 18.10687
22.155 19.63062 16.19062 13.16 11.28 10.4125 10.04313 9.78875 9.638125 10.00375 10.7525 11.60125 12.32625 12.49687 12.67813 13.09813 13.38062 13.86812 14.30625 15.06312 16.44375 17.74187 20.05125 23.31688 26.28 28.97875 31.00937 32.51875 33.53 33.77813 34.2925 35.0975 34.995 33.70438 32.0525 30.94438 31.45188 33.85125 36.62375 38.90063 40.92688 42.6925 43.61312 42.96062 40.89062 38.26875 35.85375 34.06437 32.98938 32.31937 30.87812 29.06625 28.495 28.28188 27.34438 25.55 23.00937 19.7375 16.32063 15.0225 14.92313 13.755 14.41375 18.18438
