data/dem_4_50.asc
ncols         88
nrows         295
xllcorner     185525
yllcorner     681675
cellsize      50
NODATA_value  -9999
[rows 145 to 173 of 295, columns 0 to 63 of 88]
34.89625 33.44938 31.94375 31.44563 31.495 31.39562 31.35062 31.35625 31.45188 31.5675 31.82563 32.43188 33.11875 33.865 34.7625 35.55625 36.1375 36.62375 36.795 35.80188 34.08875 33.15688 33.20937 33.9025 34.71875 35.5075 36.445 37.01125 37.04375 36.735 35.77312 33.88 31.41187 28.4 25.15875 22.79563 20.985 19.04437 17.91125 17.82 17.63187 17.13062 16.86813 16.97563 17.66 18.86 19.79313 20.1675 20.34562 20.78938 21.49125 22.22812 22.72563 22.83125 23.30062 24.03312 24.30562 24.455 24.76813 25.22688 25.35 24.86687 24.84312 25.27312
34.93063 33.68 32.035 31.16375 31.00937 30.91125 30.92312 30.84 30.8425 31.2775 31.79938 32.19 32.57188 33.1875 34.16375 35.18687 36.04375 36.785 36.93188 35.98563 34.47063 33.0375 32.22187 32.44375 33.34813 34.44625 35.4225 36.01562 36.1275 35.45375 34.08187 32.36625 30.31313 27.70188 24.51188 21.77625 19.97563 18.50813 17.54125 17.32937 17.21 16.76625 16.53938 16.79437 17.33625 18.28 19.23187 19.74 20.0325 20.56938 21.27625 21.66937 21.93188 22.355 22.99813 23.60062 23.87687 24.22 24.71688 24.68125 23.69125 22.55563 22.41937 23.0525
35.4975 34.51375 33.04 31.62812 30.58687 30.07187 30.13062 30.15625 30.3075 31.26 32.13313 32.35375 32.50875 33.01875 33.98938 35.05625 35.98375 36.92437 37.22438 36.56438 35.655 33.99625 31.92063 31.1075 31.67937 33.02625 34.35 35.03437 34.97688 33.95813 32.28563 30.22437 28.13875 26.41813 24.17625 21.52188 19.55375 18.27375 17.39875 16.93875 16.61563 16.02125 15.84875 16.51125 17.27062 18.155 19.1275 19.78875 20.30375 20.73063 20.9825 20.95625 21.21188 21.96 22.26063 22.17 22.47688 23.11062 23.48812 23.04188 21.89062 21.17438 21.45563 22.13875
35.98812 35.1375 33.565 31.8625 30.27375 29.34625 29.31125 29.5575 30.15937 31.44437 32.43312 32.66625 32.73063 33.10125 33.99688 35.0425 35.96563 36.915 37.44313 37.18125 36.46062 34.71875 32.20687 30.66562 30.66375 31.9975 33.61625 34.3375 33.91813 32.86187 31.26312 28.48812 25.90875 24.58063 23.06437 20.95 19.10687 17.8075 16.88563 16.30875 15.89375 15.49438 15.65687 16.5725 17.72938 18.79375 19.5925 20.24 20.78812 20.74625 20.27938 19.91625 20.08875 20.67875 20.69188 20.23875 20.49375 21.27563 21.5475 21.43563 21.20812 21.11563 21.55 22.09063
35.88062 34.93063 33.32375 31.5975 30.00937 29.24875 29.06125 29.02312 29.92438 31.60812 32.7725 33.21437 33.24125 33.33688 34.02063 34.95813 35.8575 36.78437 37.68687 37.8675 36.58062 34.63 32.91687 31.55938 30.7475 31.1375 32.66813 33.5575 32.76188 31.15375 29.17188 26.5325 24.20687 22.765 21.40562 19.87125 18.44563 17.22125 16.1825 15.51562 15.26125 15.4125 16.1025 17.23688 18.50937 19.45125 20.00312 20.47375 20.5875 19.96563 19.305 19.08625 19.12875 19.4075 19.61813 19.52188 19.77125 20.44062 20.56437 20.61563 20.98875 21.15187 21.48812 22.0125
35.34875 33.64 32.21938 30.77813 29.2175 28.88062 29.05563 29.19625 30.41688 32.49187 34.20687 34.8925 34.40937 33.83937 34.08562 34.76812 35.62437 36.73312 38.075 38.31688 36.3225 34.2375 33.41312 32.66438 31.24187 30.12062 30.89062 32.07 31.39313 29.23188 26.73938 24.46688 22.60625 21.14875 19.93875 18.91 17.98688 16.9825 15.90312 15.16375 14.99187 15.31563 16.24375 17.56375 18.67625 19.38125 19.89625 20.16562 19.82 19.02813 18.62687 18.84438 19.07 18.995 19.10438 19.5875 20.18687 20.82312 20.80563 20.60375 21.215 21.81375 22.16875 22.57187
34.4175 32.3275 30.94125 29.81688 28.56187 28.42313 29.10625 29.99937 31.50687 33.85313 36.37 37.24562 36.00063 34.67 34.30625 34.5725 35.4125 36.56062 37.66937 37.54688 35.63688 34.06125 33.74937 33.3375 31.74375 29.4225 28.91937 30.25 30.06875 27.75375 24.90938 22.45813 20.75438 19.555 18.63 18.02938 17.63062 17.08063 16.27188 15.63062 15.49563 15.75313 16.35375 17.20375 17.9875 18.63062 19.15625 19.315 18.9675 18.47875 18.39 18.90937 19.32875 19.22625 19.63563 20.65313 21.39812 21.83813 21.79625 21.6975 22.3125 23.01687 23.44687 23.74312
33.2475 31.55375 30.23562 29.27437 28.53625 28.42438 29.09 30.16187 31.60188 33.87563 36.54562 37.90688 37.17313 35.84063 35.09063 34.99313 35.56813 36.14938 36.10312 35.20312 33.85875 33.4 33.8325 33.5225 31.65125 28.69375 27.38563 28.61563 28.62375 26.2475 23.19687 20.54187 18.92375 18.03437 17.48688 17.28188 17.30125 17.235 16.8775 16.45625 16.28625 16.3125 16.4025 16.66937 17.10437 17.55313 17.99813 18.24313 18.15688 18.06688 18.33813 19.15937 19.9425 20.455 21.52625 22.70938 23.16625 23.16312 23.13938 23.36938 23.7825 24.25813 24.8125 25.19875
32.10437 30.63688 29.47375 28.74187 28.42875 28.41688 28.72688 29.46938 30.85 32.84125 35.08875 36.94938 37.50312 37.0925 36.73312 36.4475 36.20063 35.64062 34.24812 32.61187 31.48937 31.48187 32.38875 32.29937 30.44938 27.59312 26.02687 26.80625 26.66625 24.41937 21.67937 19.23313 17.60438 16.89 16.73313 16.81437 17.0125 17.19062 17.11938 16.8175 16.49312 16.20812 16.05313 16.36563 16.96625 17.31437 17.52062 17.54812 17.42875 17.62062 18.20687 19.32 20.7925 22.03625 23.0625 23.91937 24.1975 24.07313 24.1825 24.525 24.83125 25.2875 26.00312 26.59937
31.36312 29.89812 28.77813 28.23313 28.19125 28.3 28.30375 28.66625 29.98125 31.81313 33.78563 35.69062 36.91 37.61375 38.06313 37.72625 36.81937 35.48812 33.64875 31.945 30.3775 29.42125 29.66312 29.62188 28.35875 26.17 24.68625 24.95687 24.50875 22.33438 19.98625 18.13313 16.83562 16.24813 16.27312 16.5225 16.705 16.78437 16.67375 16.33562 16.06187 15.85375 15.66625 16.15063 17.16375 17.70812 17.68563 17.22812 16.86687 17.20687 18.09375 19.475 21.38437 22.96938 23.42312 23.50875 23.68875 23.89375 24.30125 24.715 25.09312 25.70437 26.66 27.6325
31.23187 29.7525 28.56688 28.03625 28.09438 28.25 28.23187 28.485 29.47313 31.015 32.85 34.55437 35.90813 37.17625 38.03875 37.9 37.09312 35.985 34.70625 33.015 30.59562 28.6475 27.71125 26.935 25.965 24.52813 23.46375 23.2875 22.45625 20.55812 18.64812 17.35312 16.3975 15.81875 16.005 16.35688 16.30125 16.06688 15.75125 15.3675 15.34125 15.50125 15.41687 15.73312 16.56562 17.05625 17.05062 16.78188 16.645 16.99875 17.97 19.40063 21.24187 22.91187 23.10812 22.59875 22.70625 23.29 23.96625 24.53125 25.07812 25.87625 27.07 28.38188
31.39625 29.91687 28.68062 28.15313 28.28 28.48375 28.52 28.80125 29.58312 30.875 32.5725 34.13562 35.57812 36.92 37.5525 37.45312 37.04 36.52562 35.74875 33.8875 31.12625 28.96188 27.60125 26.50125 25.26188 23.73438 22.66937 21.9725 20.93375 19.75125 18.445 17.08937 16.03563 15.7775 16.28875 16.42562 15.96438 15.52125 15.11063 14.73125 14.77063 15.12562 15.3 15.53 16.01125 16.28687 16.325 16.40063 16.56812 16.94062 17.755 18.87563 20.29437 21.65875 21.94875 21.75438 22.19875 23.07125 23.8675 24.51812 25.2525 26.27125 27.61188 29.03875
31.39125 30.22437 29.08813 28.56625 28.92875 29.3075 29.33063 29.5475 30.34875 31.6675 33.02063 34.06937 35.38625 36.60875 36.88375 36.78313 36.78437 36.7025 36.11063 34.46125 31.95813 29.62 28.64187 28.23375 26.22 23.53875 22.04188 21.16562 20.29437 19.58187 18.63062 16.96187 15.70687 15.925 16.49937 16.37812 15.93062 15.65063 15.39 14.97875 14.80813 15.0725 15.40812 15.6925 16.04062 16.24937 16.28188 16.34125 16.535 17.05313 17.96 18.92875 19.85 20.55187 20.84312 21.2875 22.14062 23.08875 23.88625 24.60062 25.5325 26.77312 28.21187 29.6275
31.71937 31.445 30.80812 30.06313 30.37375 30.90125 30.97313 31.11062 31.64688 32.5075 33.15437 33.46563 34.22 35.10375 35.52 35.88688 36.31688 36.45813 35.95813 34.71375 32.6325 30.235 29.4 28.9525 26.00438 22.66438 21.14625 20.41187 19.73688 19.09875 18.44 17.14562 15.94 15.99187 16.3275 16.27938 16.20312 16.4325 16.5425 15.90812 15.26813 15.25937 15.46125 15.665 16.02312 16.29875 16.3675 16.39688 16.585 17.47 19.11687 20.54062 21.29062 21.61563 21.71812 21.98875 22.5025 23.13688 23.82125 24.58312 25.62687 26.99063 28.5175 30.0725
32.80875 33.015 33.04125 32.27687 32.34187 33.02687 33.45875 33.73687 33.825 33.66875 33.185 32.94688 33.26313 33.66 34.12125 34.77875 35.41188 35.62062 35.16875 34.275 32.87375 30.95062 29.60875 28.06875 24.85063 21.90625 20.5075 19.71188 18.96625 18.36812 17.99375 17.29062 16.52813 16.385 16.45625 16.36875 16.38125 16.89188 17.19563 16.38938 15.47 15.23312 15.22375 15.47125 16.02062 16.36188 16.43188 16.455 16.62938 17.85875 20.42125 22.57 23.39 23.615 23.52437 23.30625 23.2625 23.48375 23.93188 24.56688 25.5025 26.79188 28.29375 29.95938
33.72187 33.59125 33.78188 33.58437 34.00187 35.02562 35.92313 36.45063 36.57312 36.41 35.4075 34.37313 33.84625 33.4025 33.47187 33.98125 34.48438 34.67937 34.365 33.81875 33.02625 31.54938 29.485 26.94438 24.1225 21.81125 20.29563 19.28813 18.465 17.99 17.73187 17.12625 16.6325 16.515 16.375 16.13625 15.88063 15.94375 16.13875 15.63688 15.08937 15.12813 15.34375 15.83438 16.25875 16.37 16.46 16.49312 16.715 18.1025 20.81812 23.09562 24.015 24.42063 24.54563 24.35312 24.18125 24.20312 24.4075 24.77438 25.4325 26.46313 27.7325 29.09438
34.49625 34.41063 34.52312 34.7425 35.45312 36.39437 37.125 37.71 38.26375 38.80812 38.38438 37.16438 35.78188 34.49688 34.16625 34.3625 34.49688 34.56125 34.36063 34.02312 33.46062 32.085 29.64187 26.75438 24.21313 22.13 20.38437 19.065 18.14562 17.725 17.52938 17.06 16.65688 16.21875 15.6575 15.44688 15.06938 14.64125 14.72375 14.64188 14.66125 15.18812 15.96625 16.63375 16.4725 16.21313 16.49187 16.74438 17.26438 18.80188 20.95813 22.71313 23.83438 24.62125 25.01 24.9975 24.92625 24.97125 25.11938 25.3725 25.84375 26.59813 27.52062 28.43062
34.95687 35.33125 35.93687 36.47125 37.11937 37.59438 37.8075 38.3075 38.91813 39.28875 39.07 38.42 37.52 36.44875 35.92125 35.71437 35.50312 35.41 35.265 35.015 34.4875 33.14062 30.74187 28.08875 25.6875 23.26125 21.045 19.345 18.43625 18.25937 17.97563 17.51188 17.11188 15.98187 14.81812 14.86187 14.83313 14.425 14.3175 14.37187 14.6125 15.02688 16.21625 17.16187 16.53813 16.11437 16.89437 17.73625 18.36625 19.56812 21.14688 22.52125 23.74625 24.67188 25.09687 25.2225 25.36125 25.61 25.94625 26.365 26.89812 27.545 28.23125 28.87313
35.08562 35.93312 37.22812 38.18187 38.86813 39.17812 39.14938 39.30563 39.50438 39.39125 38.97562 38.59312 38.29625 37.81062 37.32438 36.975 36.75938 36.70063 36.64812 36.42688 35.8375 34.54 32.37938 30.12625 28.06313 25.74688 23.7225 21.70938 20.57125 20.67438 19.62687 18.38875 17.92625 16.65438 15.455 15.4225 15.27375 14.78312 14.49938 14.68062 14.95375 14.92875 16.1225 17.31875 16.69437 16.59375 18.23375 19.45312 19.32937 19.67687 20.92188 22.13938 23.23 24.09188 24.57562 24.88313 25.32562 25.95312 26.6525 27.37938 28.13125 28.8675 29.555 30.15875
35.66813 36.94313 38.3625 39.4475 40.20625 40.52312 40.355 40.0825 39.935 39.79 39.56562 39.31562 39.02125 38.63063 38.15125 37.87812 38.02625 38.11312 37.99125 37.81062 37.17812 35.90063 34.10188 32.11687 30.19938 28.60875 27.30125 24.7475 23.23938 23.95938 22.81812 21.03125 20.31 19.19875 18.07438 17.29187 16.27625 15.31938 15.0375 15.49 15.9975 15.90312 16.57063 17.43687 17.09438 17.66312 19.75438 20.57375 19.73 19.67438 20.71875 21.7075 22.64 23.5 23.89937 24.20062 24.965 26.12375 27.20312 28.04938 28.91562 29.8025 30.61813 31.30812
35.7575 37.24813 38.71125 39.90625 40.71875 40.93375 40.58937 40.1575 40.00687 40.12812 40.30875 40.27312 39.96375 39.62125 39.25188 39.15375 39.52 39.58 39.44312 39.355 38.61813 37.32938 35.9075 34.16312 32.00063 30.29313 28.5725 25.375 23.87687 25.12375 25.09063 23.86813 22.77063 21.51313 20.44438 19.57812 18.3575 17.18625 16.79875 17.00375 17.41438 17.49562 17.745 18.16063 18.14938 18.905 20.39875 20.85437 20.34188 20.32562 21.13812 21.92937 22.74 23.56937 23.67625 23.77375 24.69875 26.1775 27.46688 28.29875 29.15937 30.115 30.97875 31.64625
34.82 36.21375 37.98687 39.52375 40.3475 40.3275 39.86875 39.71312 39.9475 40.42188 40.92062 41.01812 40.78312 40.68438 40.76437 40.92125 41.08625 41.21125 41.43625 41.28563 40.28062 38.92875 37.6875 36.14812 33.85812 31.52438 28.94687 25.63938 23.78375 23.79313 23.74375 23.34125 22.7325 21.93063 21.435 21.39875 21.16 20.52813 19.77188 19.01937 18.83063 19.05437 19.14375 19.08438 19.13375 19.7875 20.61875 20.88562 20.73937 20.86875 21.75438 22.59375 23.14187 23.65313 23.76813 24.02125 24.81688 26.025 27.3975 28.47625 29.2525 30.04 30.79187 31.25187
33.49 34.94 36.93687 38.58062 39.28563 39.16 38.90625 39.26875 39.92937 40.6275 41.25125 41.42313 41.36937 41.59937 42.1225 42.50813 42.66438 42.98812 43.26625 42.9225 41.85062 40.42562 39.07687 37.58 35.53188 33.065 30.0525 26.86875 24.89375 23.88688 23.03375 22.68563 22.57438 22.19062 21.81375 22.01813 22.59063 22.595 21.69938 20.48937 19.97062 20.1 19.85875 19.1975 18.99375 19.73 20.61125 20.83125 20.66625 20.77563 21.77188 22.85625 23.39187 23.76625 24.12 24.66063 25.28875 26.21625 27.73313 28.92438 29.25875 29.63062 30.15812 30.30812
32.62062 34.59188 36.48812 37.49937 37.81875 38.07125 38.4925 39.14313 39.79938 40.58562 41.4925 41.835 41.93063 42.42313 43.20438 43.90437 44.30125 44.4075 44.25438 43.88125 43.045 41.62938 40.04375 38.50875 36.81125 34.52625 31.3025 28.09 26.505 25.63812 24.33687 23.59937 23.36312 22.83187 22.17438 22.05625 22.4925 22.54688 21.84813 20.93813 20.43188 20.21062 19.70062 19.12563 18.95 19.16875 20.08688 21.3025 21.52438 21.19062 21.75875 22.78 23.54125 24.10312 24.42375 24.84937 25.44062 26.34625 27.74375 28.60188 28.55563 28.64125 28.86938 28.80187
32.9 34.82938 36.26437 36.52312 36.69563 37.49187 38.37875 39.10188 39.635 40.435 41.63313 42.21563 42.44938 43.07563 43.96563 44.87375 45.4175 45.27375 44.76437 44.39688 43.7875 42.45937 40.75875 39.21125 37.71688 35.41375 32.11 29.17813 27.65375 26.56375 25.15937 24.27375 23.8925 23.31 22.63125 22.3875 22.53438 22.38688 21.76063 21.09625 20.67063 20.23 19.58937 19.42937 19.61375 19.19563 19.68312 21.39375 21.95 21.74312 22.11375 22.70938 23.34375 23.88062 24.04938 24.24187 24.77687 25.545 26.39562 26.92688 26.94438 26.9325 27.12313 27.40875
34.125 35.45875 36.15562 36.22438 36.73375 37.54 38.145 38.95312 39.67625 40.40125 41.38125 42.06937 42.55312 43.23812 44.08313 45.00375 45.78 45.74375 44.98188 44.46688 43.9325 42.73375 41.20312 39.79063 38.3425 35.78312 32.39625 29.81125 27.94875 26.535 25.46125 24.44062 23.94375 23.65625 23.16562 22.96563 23.01562 22.71 22.01188 21.39437 21.02625 20.44188 19.6575 19.68937 20.02938 19.62188 19.83875 20.85687 21.28938 21.57312 22.06313 22.365 22.71375 23.14313 23.2575 23.27625 23.75438 24.43375 24.8525 25.26875 25.42562 25.43312 26.14625 27.28437
35.69875 36.68687 36.62437 36.76125 37.33875 37.82188 38.07812 38.87375 39.67875 40.19625 40.79625 41.4875 42.21875 42.9875 43.7075 44.4225 45.155 45.215 44.55875 44.09125 43.58375 42.58625 41.41 40.16563 38.5075 35.90062 32.98563 30.49125 28.0025 26.44687 25.74875 24.64 24.06125 24.08125 23.87875 23.76375 23.67125 23.16 22.32875 21.64812 21.17875 20.37875 19.55313 19.81437 20.24187 19.89 20.1425 20.9275 21.21688 21.44687 21.825 21.995 22.17438 22.575 22.77375 22.80812 23.23438 23.82312 24.14688 24.67875 25.22875 25.73313 26.94 28.45312
36.19687 37.72 37.3725 37.31937 37.665 38.05312 38.35563 38.92937 39.43375 39.64938 40.01437 40.74438 41.64313 42.48125 43.0775 43.40688 43.65375 43.735 43.65313 43.55625 43.1875 42.47438 41.56813 40.30375 38.27875 35.77125 33.52625 31.15812 28.54375 27.02563 26.43375 25.57 24.95375 24.81375 24.69437 24.61188 24.33063 23.5725 22.55 21.6825 20.9075 19.93625 19.07125 19.31812 20.12812 20.07313 20.43125 21.46437 21.69 21.67063 21.91063 22.05938 22.22375 22.56875 22.955 23.33875 23.8575 24.33 24.6425 25.30187 26.42312 27.64938 28.94188 30.2575
35.56187 38.3475 38.345 37.64563 37.65688 38.005 38.36938 38.83063 39.10812 39.03625 39.15937 39.8725 40.82 41.53437 41.88062 42.10437 42.37188 42.61687 42.89938 43.07625 42.945 42.53938 41.73125 40.31875 38.17375 35.68125 33.385 31.11312 29.02687 27.725 26.99187 26.31375 25.345 24.17625 23.61563 23.9725 24.395 23.86813 22.68625 21.56375 20.38688 19.19062 18.39313 18.55938 19.37938 19.75125 20.3925 21.48063 21.78938 21.82 22.09562 22.33187 22.57937 23.03812 23.755 24.64937 25.705 26.43687 26.49937 26.82812 28.00813 29.5225 31.05938 32.51
