data/dem_3_50.asc
ncols         185
nrows         350
xllcorner     148575
yllcorner     562675
cellsize      50
NODATA_value  -9999
[rows 112 to 139 of 350, columns 0 to 62 of 185]
117.9625 117.65 117.2012 116.7194 116.1575 115.645 115.2513 114.8056 114.2319 113.7062 113.3069 112.9381 112.5375 112.0312 111.4169 110.8175 110.4238 110.1356 109.7831 109.5837 109.5912 109.6306 109.5931 109.2663 108.5556 107.69 106.9613 105.5312 104.1881 104.6663 105.1725 104.9337 104.8512 104.8025 104.7419 104.6506 104.63 104.81 105.0519 105.2438 105.3694 105.3644 105.3438 105.325 105.3144 105.48 105.8319 106.1263 106.0175 105.6988 105.7519 106.0813 106.2438 106.1694 106.0906 106.0112 105.8187 105.6113 105.1544 103.3831 99.33875 93.06875 87.55312
118.2606 117.8194 117.1619 116.6725 116.1756 115.7394 115.3406 114.8013 114.1869 113.6281 113.1712 112.74 112.1994 111.5638 110.9631 110.4444 110.0169 109.6994 109.46 109.3069 109.2356 109.15 108.9788 108.6581 108.0731 107.3144 106.7225 105.065 103.4769 104.4544 105.355 105.0587 104.9625 104.9344 104.9156 104.8913 104.8769 105.0494 105.325 105.5194 105.7075 105.83 105.7887 105.6094 105.5194 105.6525 105.8569 106.0294 106.0075 105.8 105.8088 106.0944 106.2656 106.1525 105.9344 105.8131 105.7644 105.7244 105.1831 102.5762 97.70875 91.88937 87.38062
118.3419 117.8975 117.1263 116.5456 116.0594 115.6963 115.3313 114.765 114.1394 113.5687 113.035 112.4713 111.8363 111.1981 110.6438 110.1687 109.6963 109.2875 109.0606 108.915 108.7356 108.5269 108.2869 107.9744 107.5387 107.0494 106.67 105.0912 103.5113 104.4975 105.4544 105.1763 105.0431 105.0194 105.0856 105.1925 105.2412 105.3925 105.6694 105.8625 106.0394 106.1663 105.9744 105.6475 105.6837 105.9619 106.1194 106.1775 106.1181 105.9344 105.9194 106.175 106.38 106.2806 105.8806 105.4606 105.0244 104.3494 103.1087 100.2412 96.29125 92.3975 88.60875
118.3156 117.9756 117.2925 116.595 115.9694 115.545 115.1963 114.6781 114.0669 113.4456 112.8094 112.1606 111.5194 110.9244 110.415 109.9806 109.5069 108.9912 108.6425 108.4713 108.2794 108.0188 107.7231 107.4088 107.1319 106.865 106.5544 105.1575 103.7306 104.4162 105.2425 105.1731 105.1275 105.1413 105.315 105.5312 105.65 105.7356 105.85 105.97 106.1144 106.155 105.9075 105.7681 106.1056 106.4863 106.6125 106.6169 106.4769 106.19 106.06 106.255 106.51 106.5106 106.0675 105.3487 104.4844 103.4106 101.9906 99.60687 97.015 94.82375 91.5375
118.3881 117.9538 117.3481 116.7538 116.1081 115.5206 115.0881 114.5888 113.9531 113.25 112.5244 111.8463 111.2606 110.7506 110.3131 109.9263 109.4619 108.8931 108.4125 108.0975 107.8194 107.5419 107.2863 107.075 106.9563 106.7688 106.4163 105.1837 103.8712 104.2 104.8375 104.9894 105.1612 105.295 105.5356 105.7531 105.8531 105.875 105.8662 105.9425 106.0731 106.03 105.8131 105.88 106.3138 106.6588 106.7913 106.84 106.7694 106.5056 106.245 106.3919 106.8262 106.9169 106.4356 105.73 105.0675 104.3512 103.0544 100.875 98.98312 97.66312 95.2225
118.3313 117.8069 117.2681 116.8681 116.3425 115.6637 115.0987 114.5019 113.7594 112.9894 112.2562 111.64 111.18 110.7925 110.4106 110.0006 109.5131 108.9662 108.4056 107.8187 107.2994 107.0331 106.9875 106.9956 106.9369 106.7038 106.3469 105.2819 104.035 104.1188 104.6619 104.9231 105.2269 105.4881 105.73 105.8794 105.9431 105.9606 105.9538 106.0244 106.1038 106.0163 105.8363 105.8613 106.1294 106.3975 106.5737 106.6362 106.6231 106.6106 106.555 106.785 107.3419 107.4006 106.7894 106.1625 105.7 104.9594 103.4938 102.0019 101.2231 99.85188 97.05125
118.1125 117.6931 117.195 116.7875 116.3725 115.8225 115.2012 114.4306 113.58 112.83 112.2006 111.7219 111.38 111.0338 110.5938 110.0813 109.5775 109.1038 108.5537 107.8487 107.1775 106.8712 106.9031 106.9744 106.8688 106.5713 106.2637 105.4294 104.3331 104.315 104.8644 105.1969 105.4494 105.635 105.7887 105.8944 105.9863 106.0762 106.1362 106.2075 106.2644 106.2138 106.0713 105.9531 105.9563 106.0844 106.2319 106.2456 106.2087 106.3894 106.73 107.1219 107.5287 107.515 106.9794 106.4006 105.7894 104.7875 103.6669 103.025 102.1156 99.87813 97.2275
117.9012 117.6056 117.0894 116.5512 116.135 115.7044 115.1506 114.4262 113.6431 112.9812 112.4525 112.04 111.7069 111.3063 110.7762 110.2156 109.7162 109.2556 108.7606 108.1888 107.595 107.1738 106.9994 106.9 106.7 106.3994 106.1881 105.5612 104.6369 104.6513 105.2375 105.5975 105.7144 105.6206 105.6019 105.775 105.9637 106.1413 106.3162 106.4225 106.49 106.5131 106.4606 106.2931 106.0387 106.0006 106.1544 106.1275 106.0331 106.2344 106.7175 107.1419 107.3994 107.435 107.1475 106.6362 105.8812 104.825 104.0169 103.5031 102.2213 100.6625 100.1294
117.7475 117.4575 116.9163 116.3037 115.8337 115.4775 115.165 114.6912 114.0144 113.3887 112.8431 112.3313 111.915 111.5006 111.0137 110.5431 110.0681 109.5375 109.0606 108.61 108.0813 107.5687 107.1694 106.8575 106.5806 106.3175 106.1425 105.44 104.5112 104.7138 105.385 105.6994 105.7994 105.6438 105.5669 105.7925 105.9975 106.1912 106.4819 106.6531 106.7356 106.8337 106.8944 106.7569 106.3781 106.2887 106.5163 106.4563 106.3475 106.545 106.875 107.1506 107.3606 107.4044 107.1769 106.6588 105.8006 104.7169 104.0256 104.0075 103.9825 104.1281 104.7931
117.6387 117.2487 116.6519 116.035 115.6381 115.4919 115.4875 115.2162 114.5656 113.8956 113.2125 112.4644 111.9481 111.6675 111.4031 111.0888 110.575 109.9206 109.4488 109.0125 108.3838 107.7806 107.3006 106.9137 106.6475 106.4037 106.1387 105.2744 104.315 104.6125 105.2869 105.5762 105.7562 105.7825 105.8444 106.0194 106.1263 106.31 106.6294 106.835 106.9719 107.115 107.2006 107.1094 106.83 106.7494 106.8894 106.9337 106.9938 107.0981 107.1619 107.2431 107.3369 107.2337 106.9212 106.5256 106.0256 105.5531 105.475 105.8169 106.175 106.6544 107.1325
117.5819 117.1069 116.4181 115.7819 115.5006 115.5331 115.6806 115.5456 115.0194 114.3644 113.5744 112.6913 112.1375 111.99 111.8731 111.5713 110.9531 110.2119 109.7538 109.3444 108.6319 107.86 107.3169 107.005 106.7962 106.5219 106.1781 105.3737 104.5819 104.82 105.3388 105.6269 105.8181 105.8819 106.0431 106.2575 106.3938 106.5594 106.7519 106.905 107.0894 107.2269 107.2619 107.1931 107.065 106.9994 107.0394 107.2181 107.3463 107.3412 107.3944 107.4181 107.2919 107.0569 106.9463 107.0625 107.2244 107.4206 107.6762 107.7644 107.6294 107.7031 107.5925
117.675 117.185 116.4512 115.775 115.5181 115.5612 115.5762 115.3538 115.0069 114.5381 113.8056 113.0294 112.5531 112.3831 112.1481 111.6794 111.0481 110.4069 109.9731 109.5731 108.8694 107.9969 107.3981 107.1369 106.9006 106.5725 106.245 105.5788 104.985 105.2063 105.5687 105.7862 105.9575 105.9825 106.0938 106.3119 106.4987 106.6113 106.67 106.7581 106.9281 107.0863 107.1381 107.0431 106.9181 106.8719 106.9362 107.1219 107.2694 107.4275 107.6581 107.6869 107.4269 107.2213 107.4856 108.0394 108.3931 108.56 108.7194 108.7763 108.6781 108.5369 107.7262
117.9419 117.4406 116.7319 116.04 115.7481 115.7425 115.5187 115.0375 114.6919 114.3444 113.7156 113.0831 112.7063 112.4775 112.1119 111.5581 110.9987 110.5181 110.135 109.6975 109.0069 108.2131 107.5944 107.1987 106.9 106.6069 106.31 105.6794 105.1162 105.3419 105.7031 105.8781 106.06 106.1281 106.1588 106.26 106.3969 106.4313 106.4006 106.4431 106.5994 106.8081 106.8838 106.7525 106.6481 106.6869 106.8269 107.1069 107.4613 107.8025 108.02 107.9512 107.6619 107.6156 108.0312 108.5212 108.7875 108.8587 108.9313 109.0881 109.1413 108.9013 107.9762
118.2331 117.7331 117.0606 116.3662 116.0356 116.0231 115.7294 115.0994 114.585 114.1494 113.5725 113.0194 112.6525 112.3506 111.9319 111.405 110.9062 110.5038 110.1894 109.7531 109.0519 108.3125 107.6469 107.0969 106.77 106.5462 106.2937 105.6919 105.1169 105.335 105.7244 105.8744 106.0738 106.2369 106.2969 106.3844 106.5231 106.5206 106.4137 106.3906 106.5025 106.6656 106.705 106.6256 106.6175 106.7594 107.0644 107.52 107.9381 108.1875 108.3125 108.1687 107.7969 107.8438 108.3431 108.75 109.0238 109.1325 109.1087 109.2038 109.2881 109.0131 108.3244
118.4512 117.97 117.3288 116.6462 116.2506 116.1338 115.8075 115.2006 114.6425 114.1663 113.6625 113.1988 112.8056 112.3638 111.8363 111.2956 110.8112 110.4531 110.2119 109.8356 109.1738 108.39 107.6413 107.0675 106.6994 106.4525 106.2575 105.6931 105.1325 105.3825 105.7519 105.8106 105.9819 106.2519 106.4506 106.5844 106.7206 106.7763 106.7044 106.6275 106.6369 106.7306 106.8331 106.8894 106.9331 107.09 107.5094 108.0131 108.2494 108.2756 108.3719 108.2994 107.9275 107.9412 108.5 109.0969 109.4906 109.5775 109.4806 109.48 109.5413 109.2781 108.6769
118.4863 118.0344 117.4631 116.8306 116.3506 115.9975 115.555 115.0731 114.6556 114.2531 113.8481 113.4863 113.09 112.5238 111.8831 111.2981 110.8213 110.56 110.3975 110.0506 109.4419 108.6156 107.7819 107.2031 106.8412 106.5956 106.3438 105.6731 105.1144 105.4287 105.7956 105.8187 105.97 106.2331 106.4794 106.6537 106.7513 106.8525 106.9025 106.8262 106.745 106.8438 107.0931 107.2769 107.36 107.5206 107.9431 108.3931 108.4662 108.34 108.3794 108.41 108.235 108.2375 108.665 109.3112 109.7869 109.8713 109.8412 109.9244 110.0406 109.8838 109.3288
118.1875 117.7694 117.3281 116.8206 116.3375 115.8438 115.3163 114.935 114.6719 114.355 114.0181 113.7306 113.3394 112.6981 111.9875 111.3775 110.9344 110.7637 110.6325 110.28 109.6519 108.7594 107.945 107.4356 107.15 106.9194 106.4744 105.5687 104.98 105.4275 105.8894 105.9725 106.1125 106.1881 106.3337 106.6006 106.7056 106.8119 107.0069 106.985 106.8288 106.8775 107.1519 107.3981 107.5475 107.7269 108.1075 108.5212 108.6456 108.6413 108.685 108.7419 108.7506 108.7669 108.9362 109.2887 109.6213 109.775 109.9794 110.2925 110.54 110.4819 109.9487
117.7469 117.3488 117.0244 116.6506 116.2169 115.7012 115.1387 114.7863 114.6506 114.4587 114.1738 113.8919 113.4731 112.7956 112.0606 111.4481 111.0306 110.8363 110.64 110.2794 109.6687 108.8519 108.2388 107.9106 107.6513 107.2762 106.6113 105.5275 104.8838 105.4231 105.9631 106.0606 106.1125 106.0088 106.1413 106.5444 106.7225 106.8388 107.0794 107.1375 106.9706 106.885 107.04 107.2887 107.5137 107.7 107.9875 108.3275 108.4781 108.6288 108.9156 109.1775 109.2925 109.325 109.3581 109.3988 109.4775 109.6625 110.0563 110.4925 110.745 110.6569 110.0719
117.4969 117.1431 116.8262 116.4275 115.9994 115.5275 114.99 114.64 114.5644 114.465 114.2 113.8763 113.4463 112.8181 112.1044 111.4944 111.1162 110.8838 110.5906 110.135 109.5563 109.0425 108.745 108.57 108.2581 107.6513 106.8031 105.6675 105.0219 105.5006 105.9781 105.9894 105.8838 105.7887 106.0581 106.5756 106.8956 106.9856 107.1006 107.2325 107.1537 107.0169 107.0981 107.3631 107.6444 107.8031 107.9381 108.0806 108.0381 108.1106 108.6869 109.3306 109.6025 109.7188 109.8219 109.8375 109.8156 109.9006 110.1844 110.5019 110.6481 110.5131 110.0225
117.4037 117.105 116.7162 116.1712 115.7581 115.4269 114.9812 114.6244 114.4975 114.3688 114.1087 113.8069 113.4519 112.92 112.2269 111.6369 111.3138 111.0587 110.6556 110.0387 109.4344 109.1719 109.1231 109.0238 108.6494 107.9094 106.9875 105.8781 105.2706 105.6956 106.1475 106.0981 105.8681 105.7819 105.9925 106.4831 106.9831 107.0975 107.1269 107.3187 107.3812 107.3669 107.4944 107.7262 107.9212 107.9931 107.9812 107.9125 107.7694 107.8675 108.52 109.2688 109.6775 109.9131 110.1294 110.2913 110.3631 110.3769 110.3844 110.4238 110.4337 110.2894 110.0713
117.265 116.9963 116.6019 115.9906 115.6325 115.4481 115.0806 114.6981 114.4931 114.3425 114.1425 113.8956 113.5806 113.09 112.4444 111.9106 111.5681 111.2025 110.6269 109.8856 109.3425 109.2056 109.2119 109.09 108.6738 107.95 107.125 106.1556 105.5819 105.9475 106.4013 106.3812 106.1481 105.9275 105.8525 106.2044 106.7887 106.9956 107.0713 107.3594 107.6381 107.8187 107.9812 108.04 108.0094 108.0294 107.9594 107.7419 107.6319 107.8938 108.525 109.1875 109.6494 109.9887 110.3163 110.5806 110.695 110.6956 110.5794 110.3156 110.0413 109.7244 109.0037
117.0856 116.7594 116.4581 115.9781 115.6637 115.4869 115.1481 114.7681 114.5281 114.3894 114.215 113.9444 113.6162 113.175 112.6375 112.1588 111.7181 111.1819 110.4394 109.6769 109.2931 109.2106 109.105 108.8763 108.4656 107.8431 107.1738 106.4244 105.8156 105.9406 106.3988 106.4856 106.2594 105.9619 105.815 106.0813 106.575 106.82 106.9431 107.3281 107.8187 108.1387 108.2444 108.0938 107.9681 108.0488 107.9394 107.615 107.5312 107.8919 108.5194 109.1169 109.5738 110.0056 110.4494 110.7306 110.7237 110.5938 109.2906 106.615 105.0294 104.5031 102.895
116.9837 116.4812 116.23 116.0119 115.7981 115.5531 115.1975 114.835 114.5569 114.3344 114.0456 113.68 113.3538 113.0281 112.6644 112.2625 111.745 111.045 110.205 109.5781 109.3506 109.1675 108.8387 108.5131 108.17 107.6663 107.1381 106.4819 105.6738 105.5825 106.16 106.385 106.175 105.9481 105.9419 106.1888 106.5263 106.7506 106.9169 107.3431 107.9163 108.3106 108.3887 108.1975 108.1694 108.2975 108.1275 107.8013 107.7519 108.0669 108.5638 109.0394 109.4963 110.0269 110.505 110.6825 110.2831 108.7431 104.2944 98.49937 95.80812 95.15062 93.78062
116.875 116.2944 116.0013 115.945 115.8744 115.64 115.2594 114.8381 114.4281 114.0331 113.6825 113.3613 113.0181 112.7169 112.5194 112.245 111.7144 110.915 110.0875 109.6781 109.5206 109.1087 108.5488 108.17 107.8756 107.4606 107.0831 106.3631 105.3981 105.4488 106.1069 106.2725 106.1144 106.0038 106.1113 106.365 106.6062 106.7806 106.9488 107.3119 107.8781 108.3913 108.6025 108.5644 108.6019 108.6406 108.4706 108.3087 108.3069 108.455 108.69 108.855 109.1087 109.6419 110.1275 109.9731 108.4337 104.1963 97.7075 92.86 91.185 90.2675 89.52375
116.6919 116.2575 115.9225 115.8169 115.7344 115.5156 115.1413 114.6256 114.0656 113.615 113.4325 113.3269 112.9581 112.5356 112.3506 112.1762 111.6869 110.9131 110.2462 109.9756 109.7319 109.1356 108.4531 107.9987 107.6663 107.2925 107.01 106.3619 105.6081 105.8606 106.3288 106.2581 106.1012 106.0813 106.2556 106.5262 106.7513 106.8781 106.9731 107.1881 107.715 108.3869 108.7475 108.8144 108.8444 108.7988 108.7369 108.7956 108.8337 108.9062 108.9375 108.5537 108.0931 108.1469 108.2537 107.3075 104.2887 98.83625 93.59375 91.4525 90.86938 89.94937 89.68938
116.66 116.3325 115.9794 115.7613 115.5444 115.245 114.87 114.385 113.8844 113.5694 113.5131 113.4194 113.0069 112.4969 112.2087 112.0469 111.6375 110.9719 110.4737 110.2406 109.8887 109.2363 108.5294 108.0119 107.6525 107.3037 106.9819 106.3794 105.8863 106.2237 106.4875 106.2606 106.1038 106.1481 106.3275 106.5612 106.8144 107.0056 107.0831 107.1725 107.6038 108.2913 108.6975 108.805 108.8781 108.8938 108.9631 109.1181 109.1738 109.3013 109.2225 108.3475 107.1963 106.4137 105.3306 103.0519 99.2825 94.83562 91.9275 91.08875 90.5725 89.965 90.24875
116.7794 116.385 116.0106 115.76 115.5175 115.1981 114.8538 114.5038 114.1606 113.9031 113.7237 113.4525 113.0262 112.5175 112.0931 111.8562 111.5306 110.9956 110.5488 110.2569 109.8688 109.2481 108.5869 108.1394 107.8481 107.5081 107.0675 106.3781 105.9319 106.2344 106.4194 106.1875 106.1031 106.235 106.3688 106.475 106.7531 107.1288 107.255 107.2319 107.5338 108.0963 108.5013 108.7581 108.9656 109.3369 109.9837 110.3731 110.2162 109.8906 109.4437 108.505 107.495 106.45 104.345 100.8181 96.57938 93.085 91.43063 90.9775 90.44125 90.05375 90.5975
116.8081 116.3269 115.9919 115.7994 115.6256 115.405 115.1569 114.8956 114.5956 114.2494 113.8688 113.4894 113.1281 112.6738 112.1631 111.7887 111.4456 111.0038 110.5413 110.1056 109.6537 109.1 108.585 108.3094 108.0912 107.7056 107.1775 106.4987 105.9775 105.9987 106.1319 106.0612 106.1175 106.3619 106.5156 106.5788 106.8631 107.2781 107.3512 107.24 107.4881 107.9456 108.3175 108.7125 109.2913 110.5219 111.9869 112.5819 112.0444 110.7675 109.6263 108.9631 108.65 108.0806 106.2706 102.2431 96.68312 92.72312 91.35438 90.91312 90.43625 90.305 90.99187
