data/dem_4_50.asc
ncols         88
nrows         295
xllcorner     185525
yllcorner     681675
cellsize      50
NODATA_value  -9999
[rows 232 to 260 of 295, columns 0 to 63 of 88]
8.16875 5.258125 4.36625 4.74875 4.455 3.48625 2.996875 2.715 2.410625 2.570625 2.729375 2.451875 2.050625 1.785 1.660625 1.700625 1.79875 2.00125 2.43625 3.251875 4.769375 6.4 7.66125 8.80375 9.469375 9.643125 10.10187 11.55562 13.75187 15.66125 17.02563 18.31063 19.58813 20.3925 20.48688 20.02188 19.03938 18.14812 18.40313 19.35938 19.96187 19.98562 19.73187 20.82812 23.89437 27.02312 29.06187 30.30625 31.35062 32.60812 34.865 37.84063 39.20813 38.45438 36.84125 35.11063 33.62312 32.38562 31.29437 30.51625 30.28188 30.185 29.465 27.935
12.43563 7.924375 6.395625 6.644375 6.125625 4.68375 3.576875 3.12375 2.870625 2.84 2.8625 2.674375 2.350625 1.995625 1.704375 1.660625 1.8175 2.06875 2.4425 3.301875 5.060625 7.0825 8.731875 9.995 10.36875 10.13875 10.3525 11.12375 12.39875 13.84937 14.94375 16.11062 17.52625 18.42687 18.49875 18.12437 17.59625 17.36875 17.84875 18.34562 18.5175 19.00125 19.99438 21.75562 24.15313 26.43625 28.32 29.72937 30.97 32.43875 34.21687 35.99375 36.87875 36.81313 36.31187 35.415 34.38 33.52625 32.77937 31.98875 31.27188 30.6025 29.59937 28.1075
15.8 10.26562 8.3325 8.7325 8.409375 6.505625 4.4275 3.379375 3.055 2.995 2.90375 2.699375 2.485625 2.260625 2.036875 1.96 2.060625 2.35 2.6825 3.496875 5.53375 8.051875 10.30875 11.995 11.86312 10.82687 11.10875 11.6375 11.95312 12.69938 13.0675 13.75562 15.24875 16.28062 16.44125 16.34063 16.4825 17.10125 17.94875 18.57625 19.22625 20.12 21.27563 22.89437 24.44813 25.54625 26.62812 27.79875 29.05875 30.47375 31.79125 32.9025 33.75438 34.49562 34.9425 34.63187 34.105 33.7675 33.34 32.57563 31.50813 30.34438 29.06063 27.58937
16.72 11.69812 9.97375 10.83187 11.09125 8.8825 5.664375 3.67375 2.975 2.926875 2.91875 2.720625 2.5725 2.46375 2.345625 2.289375 2.3725 2.79875 3.20625 3.773125 5.71 8.538125 11.325 13.43437 13.2875 12.17813 12.6725 13.21562 13.105 13.19938 12.71187 12.52812 13.48938 14.44625 14.86312 15.18937 15.90563 17.19625 18.28437 18.94 20.22937 21.48312 22.43687 24.03563 25.46938 26.21563 26.81812 27.52813 28.37188 29.38313 30.55938 31.805 32.9 33.74813 33.98687 33.545 33.26688 33.28437 33.15313 32.5675 31.38812 29.87812 28.34 26.86188
16.525 12.6775 11.33938 12.53625 13.42313 11.3475 7.42875 4.293125 2.881875 2.8475 2.995625 2.825 2.684375 2.608125 2.56 2.564375 2.66 2.929375 3.125625 3.538125 5.384375 8.531875 11.66 13.35625 13.41438 13.71875 14.74375 15.16063 15.05688 14.89688 14.105 13.16125 13.11438 13.66687 14.24563 14.9 15.90938 17.22062 18.02188 18.5275 20.04 21.67625 22.97812 24.74187 26.34438 27.645 28.78437 29.49813 29.84438 30.25312 31.215 32.52562 33.56313 34.0025 33.7125 33.06187 32.60563 32.35875 32.31437 32.07625 31.13562 29.68125 28.17625 26.79062
16.31562 13.26188 12.27875 13.96437 15.28438 13.18125 8.815 4.861875 2.92375 2.893125 3.125625 2.955625 2.774375 2.7025 2.720625 2.781875 2.879375 2.95 2.93375 3.32125 4.9875 7.974375 11.03813 12.00813 12.08375 14.17188 16.26 16.59688 16.40063 16.26 15.85 15.04688 14.49563 14.46438 14.75938 15.38 16.33875 17.3475 18.05688 18.77813 20.09438 21.63375 23.17438 25.03312 27.08063 29.23375 31.23 32.56875 33.09125 33.255 33.7975 34.4575 34.74 34.72875 34.07188 33.20562 32.4275 31.60188 31.42562 31.39562 30.90625 30.14187 29.16438 28.02813
17.01 14.5125 13.81187 15.69625 16.54125 13.71187 9.0075 5.06 3.203125 3.045 3.186875 3.010625 2.764375 2.70625 2.808125 2.900625 2.994375 3.04375 3.013125 3.319375 4.5925 7.055625 9.9225 11.20875 11.97188 14.66562 17.02875 17.38625 17.11375 17.04437 17.08937 16.84625 16.39938 16.0575 15.99375 16.34562 17.00625 17.67562 18.36 19.30688 20.60938 22.15 23.83187 25.585 27.49688 29.98875 32.85437 35.19437 36.58812 37.265 37.77312 37.46875 36.595 36.41375 35.52312 33.905 32.43813 31.2025 30.98562 31.0825 31.19563 31.7 31.98875 31.27938
18.65438 16.42312 15.63 16.75 15.8875 11.8 7.3975 4.61375 3.439375 3.178125 3.16 2.965625 2.691875 2.66 2.779375 2.85125 2.958125 3.0375 3.013125 3.175625 4.028125 5.951875 8.620625 10.97812 13.14625 15.675 17.41625 17.76625 17.57063 17.57125 17.865 18.02875 17.85687 17.52062 17.2325 16.98187 16.77312 17.25438 18.55938 19.90875 21.24063 22.86813 24.83937 26.67375 28.07187 30.24438 33.47438 36.44125 38.63313 40.12312 41.025 40.55938 39.40688 39.0975 37.805 35.15688 32.73625 31.28625 31.27 32.00188 32.8325 34.10437 35.58062 35.625
20.11 18.15625 17.03375 15.87875 12.87438 8.569375 5.28375 3.9325 3.476875 3.256875 3.14875 2.92625 2.725 2.73625 2.779375 2.80625 2.959375 3.06875 2.986875 2.931875 3.338125 4.658125 6.95625 9.943125 13.21812 15.93375 17.33937 17.65125 17.5825 17.7075 18.19938 18.71812 18.8525 18.4975 17.78938 16.52938 15.11563 15.89625 18.77687 20.82562 21.91125 23.54812 26.11625 28.55 30.0525 31.70188 34.14938 36.68938 38.96563 40.95562 42.23563 42.09813 41.35313 40.9475 39.25625 36.11625 33.46312 32.32188 32.7625 34.04375 35.0975 36.18063 37.90562 39.07563
20.7025 18.66375 16.63688 13.44 9.875 6.95375 4.828125 3.830625 3.483125 3.3225 3.186875 2.975625 2.89 2.969375 2.98875 3.00625 3.17875 3.304375 3.171875 2.91125 2.9325 3.713125 5.50875 8.3925 11.9775 14.99625 16.49063 16.885 17.05187 17.44563 18.16875 18.9725 19.33562 18.83313 17.52375 15.39062 13.51437 14.83938 18.48187 20.73875 22.15375 24.59375 27.65313 30.1475 31.66687 32.87062 34.40438 36.24562 38.18937 40.21938 41.69125 41.3025 40.03313 39.52438 37.8625 34.67562 32.6625 32.89125 34.37125 35.65062 36.3825 37.39938 39.19375 41.03313
20.82438 18.12188 15.1075 11.95563 9.088125 6.804375 5.06375 3.974375 3.516875 3.366875 3.21125 3.02 3.016875 3.205625 3.326875 3.345 3.419375 3.508125 3.4475 3.22875 3.138125 3.61625 4.890625 7.071875 10.07 12.95625 14.685 15.4175 15.96688 16.72 17.69875 18.69938 19.16313 18.48688 16.72875 14.32625 12.80688 14.28938 17.54812 19.73375 21.485 24.16438 27.41063 30.1275 31.2225 31.8675 33.26937 35.1125 36.84312 38.26688 39.30563 38.60062 36.695 35.65437 33.80687 30.93188 30.31125 32.39188 34.98625 36.16312 36.30375 37.32563 39.35188 40.87313
20.8225 18.28875 15.38 12.37875 9.2725 6.609375 4.92375 3.995 3.550625 3.35625 3.174375 3.02875 3.09375 3.341875 3.536875 3.525625 3.455625 3.508125 3.603125 3.60375 3.640625 4.045 4.845 6.009375 7.8825 10.245 12.135 13.24125 14.115 15.17625 16.43 17.6 18.08438 17.26 15.2725 13.10437 12.13938 13.49875 16.40688 18.66063 20.07562 22.06125 25.39437 28.28625 28.76375 29.28375 31.51063 33.88562 34.875 34.6925 34.36 33.53375 32.31875 31.31625 29.66688 28.17312 29.305 32.31063 34.71938 35.42062 35.36375 36.37188 38.11563 38.72937
19.9475 18.15 16.0125 12.99375 9.38625 6.411875 4.78 4.034375 3.595 3.2975 3.096875 3.059375 3.210625 3.41625 3.559375 3.53875 3.44375 3.501875 3.695 3.875625 4.050625 4.4 4.811875 5.15375 5.82625 7.154375 8.870625 10.35625 11.51 12.77812 14.22625 15.44 15.8375 14.91375 12.91875 11.12438 10.66687 12.13062 14.92875 17.27938 18.94875 20.94 23.31187 24.86 25.48562 27.14 30.24937 32.73375 32.3975 30.45687 29.18375 28.44125 28.01188 27.5575 26.87062 27.16313 29.45375 32.5575 34.2175 34.03313 33.9975 35.18687 36.10938 35.48312
17.95 16.44938 14.95 12.65562 9.361875 6.33 4.715 4.100625 3.67375 3.285625 3.059375 3.1 3.31125 3.46875 3.56375 3.616875 3.605625 3.6325 3.793125 4.040625 4.194375 4.373125 4.621875 4.630625 4.436875 4.5325 5.605 7.309375 8.72875 10.01062 11.3375 12.3125 12.545 11.75187 10.20312 9.000625 9.02 10.39 12.68937 15.18563 17.56313 19.45812 20.4125 21.1125 22.8425 25.6325 28.50063 30.23313 29.37625 27.15812 25.985 25.45312 25.00438 24.74187 24.93813 26.50625 29.65937 33.01 34.45375 33.18875 31.88375 32.68687 33.16125 31.78812
15.81812 14.30062 12.98687 11.25062 8.614375 6.01875 4.61625 4.110625 3.744375 3.368125 3.13125 3.1475 3.3075 3.4375 3.585625 3.75 3.791875 3.774375 3.88625 4.12125 4.3775 4.621875 4.714375 4.4475 3.975 3.664375 4.060625 5.270625 6.46625 7.3975 8.248125 8.820001 8.959375 8.5675 7.845 7.485625 7.749375 8.63875 10.445 12.87125 15.17062 16.53938 17.02375 18.10938 20.6475 23.50125 25.36125 26.07312 25.50562 24.13563 23.19312 22.7175 22.42125 22.60062 23.66813 26.21688 30.14 33.75063 35.03938 32.83062 29.805 29.43687 29.54437 28.1675
14.62938 13.11125 11.50062 9.65125 7.445 5.47625 4.431875 4.035 3.75375 3.4825 3.299375 3.244375 3.255625 3.323125 3.5175 3.73125 3.793125 3.806875 3.9475 4.1875 4.49375 4.760625 4.8 4.47375 4.071875 3.988125 4.079375 4.445625 5.03 5.449375 5.743125 5.954375 6.034375 5.9975 5.98375 6.286875 6.596875 7.134375 8.76375 10.86063 12.6025 13.68937 14.30688 15.70062 18.28437 20.60062 21.515 21.48438 21.04938 20.37625 19.85312 19.59312 19.7925 21.01188 23.27312 26.5425 30.58875 34.02937 35.06125 32.22937 27.8425 26.02563 25.6975 24.71812
14.61188 13.33813 11.335 8.87375 6.610625 5.05 4.29375 3.955 3.6175 3.345625 3.318125 3.304375 3.19375 3.18 3.325 3.5125 3.64125 3.76875 3.99625 4.476875 4.47125 3.8675 4.040625 4.481875 4.420625 4.394375 4.30125 4.22375 4.415625 4.525 4.52625 4.53875 4.508125 4.551875 4.786875 5.250625 5.655625 6.1925 7.469375 9.0575 10.35563 11.30437 12.14812 13.585 15.69312 17.30313 17.67375 17.39 17.04188 16.80125 16.90438 17.20437 18.06875 20.34875 23.53563 26.96688 30.52938 33.53812 34.485 31.37625 25.80688 22.6025 22.0925 22.02438
15.0475 14.21625 12.12875 9.081875 6.415 4.91 4.30375 3.991875 3.445 2.975 3.095 3.191875 3.006875 2.9325 2.99 3.1275 3.365 3.655 3.97625 4.836875 5.00625 3.7375 3.565 4.410625 4.653125 4.58625 4.435625 4.304375 4.293125 4.31625 4.39625 4.3975 4.299375 4.371875 4.56375 4.786875 5.083125 5.578125 6.456875 7.55 8.531875 9.385 10.28625 11.4625 12.865 13.8875 14.17125 14.12375 14.13813 14.32063 14.90187 15.955 17.6625 20.33937 23.52438 26.64 29.66813 32.59438 33.94938 31.08125 25.12125 20.72688 19.36062 19.88
14.98188 14.545 12.79688 9.71125 6.7175 5.033125 4.473125 4.23125 3.570625 2.920625 3.02875 3.075625 2.755625 2.60875 2.589375 2.64625 2.933125 3.383125 3.775625 4.57125 5.085625 4.35375 3.950625 4.35875 4.564375 4.54125 4.435 4.265 4.145625 4.245625 4.521875 4.62875 4.623125 4.79875 4.821875 4.721875 4.924375 5.34125 5.915625 6.658125 7.38125 7.99625 8.6075 9.31875 10.08 10.71875 11.1475 11.52 11.97937 12.575 13.55688 15.15312 17.265 19.73563 22.44875 25.27 28.04062 30.7575 32.48875 30.8775 26.15562 21.36063 18.40438 17.9575
14.18313 13.79375 12.37187 9.7375 6.913125 5.20875 4.68125 4.518125 3.886875 3.198125 3.2325 3.12875 2.648125 2.435 2.385 2.3625 2.598125 3.1375 3.77875 4.28 4.249375 3.89125 3.790625 3.92625 4.0625 4.144375 4.090625 3.914375 3.871875 4.0925 4.389375 4.571875 4.745625 4.955625 4.8225 4.641875 5.016875 5.46875 5.769375 6.284375 6.821875 7.12375 7.38375 7.765625 8.13375 8.42375 8.77875 9.326875 10.05688 10.96813 12.30625 14.16625 16.245 18.43813 20.98125 23.95813 26.58313 28.18813 29.44438 29.69188 27.44813 23.4375 19.3725 16.9125
13.08438 12.3925 10.93062 8.78875 6.603125 5.24875 4.788125 4.620625 4.115625 3.55375 3.47 3.203125 2.675625 2.481875 2.4975 2.49625 2.6925 3.2825 4.3525 4.81 3.79375 2.970625 2.973125 3.049375 3.190625 3.37875 3.445 3.42875 3.534375 3.725625 3.844375 3.964375 4.2275 4.49 4.489375 4.5275 4.99625 5.405 5.61125 5.935625 6.245625 6.54375 6.839375 7.105625 7.2825 7.285 7.32375 7.661875 8.38 9.471875 11.06437 13.08438 15.17125 17.29 20.08187 23.76 26.65438 27.54563 27.61938 27.62437 26.4475 23.53938 19.77312 16.4225
12.1225 11.13125 9.513125 7.68875 6.158125 5.26625 4.891875 4.656875 4.22 3.758125 3.56 3.22 2.76125 2.654375 2.7925 2.870625 3.08375 3.773125 4.88125 4.980625 3.45375 2.388125 2.325625 2.359375 2.511875 2.750625 2.919375 3.0575 3.1675 3.13375 3.04125 3.094375 3.369375 3.7075 3.884375 4.0625 4.49375 4.9475 5.30875 5.485625 5.604375 6.125 6.529375 6.6475 6.9 6.9675 6.788125 6.800625 7.31 8.39125 10.03875 12.09125 14.255 16.41187 19.32812 23.37125 26.74 28.04313 27.03375 25.01063 23.23375 21.05562 18.58687 15.69563
11.44688 10.36687 8.683125 7.013125 5.900625 5.36375 5.075 4.775625 4.268125 3.751875 3.551875 3.319375 2.98625 2.953125 3.145 3.2175 3.400625 4.268125 5.099375 4.415 2.856875 2.104375 2.06625 2.141875 2.33875 2.59 2.805 2.984375 2.968125 2.709375 2.518125 2.568125 2.796875 3.075 3.20375 3.311875 3.694375 4.234375 4.7125 4.968125 5.188125 5.738125 6.07125 6.169375 6.64 6.843125 6.566875 6.5425 6.96125 7.8 9.20375 11.14062 13.20562 14.69438 16.235 19.27438 22.50187 24.35063 24.21813 22.27188 20.0325 18.22187 16.6575 13.92375
10.83 9.74 8.069375 6.55875 5.72625 5.39125 5.145625 4.829375 4.371875 3.90125 3.69 3.579375 3.420625 3.39 3.461875 3.419375 3.515 4.37875 4.985625 3.928125 2.515625 2.05125 2.060625 2.18625 2.42875 2.688125 2.909375 3.0625 2.974375 2.70625 2.56625 2.59375 2.706875 2.868125 2.91375 2.9525 3.290625 3.79875 4.213125 4.524375 4.835 5.278125 5.6925 6.02375 6.47 6.565625 6.345 6.543125 6.97625 7.4375 8.390625 10.00062 11.385 11.38313 10.75688 11.98312 14.55813 16.43312 18.00375 18.66875 17.32937 15.51687 14.06875 11.76875
9.968125 8.890625 7.4025 6.18875 5.561875 5.285625 5.06 4.785 4.429375 4.05375 3.879375 3.92625 3.934375 3.7925 3.605625 3.480625 3.490625 3.7375 3.865625 3.27625 2.455 2.153125 2.17375 2.276875 2.515625 2.79 3 3.10125 3.035625 2.940625 2.959375 2.973125 2.9725 3.058125 3.18375 3.3975 3.778125 4.214375 4.586875 4.90375 5.143125 5.3575 5.685625 6.1025 6.49875 6.646875 6.62 6.769375 6.7975 6.771875 7.460625 8.823125 9.176875 8.078125 7.195 7.666875 9.711875 10.88438 11.22563 13.11563 14.135 12.95562 11.6125 10.52563
8.944375 8.000625 6.86125 5.955 5.43375 5.1675 4.9775 4.65625 4.22125 3.959375 3.996875 4.236875 4.3275 4.015625 3.588125 3.49875 3.801875 3.744375 3.16875 2.75125 2.464375 2.3675 2.448125 2.47125 2.635 2.905625 3.08625 3.1425 3.155 3.286875 3.485625 3.614375 3.67 3.661875 3.964375 4.665 5.263125 5.69875 6.134375 6.506875 6.610625 6.44125 6.428125 6.858125 7.4925 7.83125 7.709375 7.373125 6.755 6.305625 6.714375 7.854375 7.780625 6.27125 6.136875 6.83125 7.865625 7.98625 6.4725 7.116875 9.589375 10.48312 9.81625 9.36875
8.1225 7.39125 6.58375 5.855 5.3275 5.02375 4.840625 4.47 4.009375 3.911875 4.12375 4.435625 4.518125 4.0975 3.5725 3.5675 4.47375 4.980625 3.91875 2.78375 2.45375 2.6325 2.938125 3 3.084375 3.253125 3.35125 3.39 3.479375 3.72375 4.12125 4.73875 5.230625 5.280625 5.68625 6.69875 7.571875 8.225625 8.808125 9.0575 8.758125 8.17 7.990625 8.64625 9.67125 10.06125 9.486875 8.55625 7.6925 7.165 6.971875 7.2075 6.986875 5.8725 5.615625 5.299375 4.573125 4.25375 3.853125 4.441875 6.73625 8.863125 9.000625 8.758125
7.229375 6.91 6.531875 5.8725 5.275 4.875 4.679375 4.48375 4.263125 4.193125 4.298125 4.490625 4.443125 3.978125 3.545 3.681875 4.476875 4.868125 3.9625 2.8325 2.5625 3.079375 3.765 4.108125 4.173125 4.018125 3.76375 3.75375 4.029375 4.40875 5.1525 6.373125 7.286875 7.621875 8.144375 9.154375 10.20875 11.60812 12.98563 12.75937 11.33937 10.14937 9.874375 10.79125 12.17188 12.55562 11.52625 10.19188 9.39625 8.92 8.253125 7.42875 6.82125 6.585625 6.08375 4.391875 2.935 3.218125 4.52 6.331875 8.380625 9.6575 9.59125 9.343125
6.58875 6.616875 6.551875 5.928125 5.3275 4.9075 4.7325 4.711875 4.711875 4.6275 4.53625 4.46625 4.16625 3.644375 3.378125 3.9025 4.376875 3.865 3.21625 2.875625 2.993125 3.868125 4.95 5.61 5.6825 5.231875 4.65 4.5925 5.034375 5.675625 6.7875 8.1175 8.949375 9.436875 9.985624 10.8375 12.37687 15.62375 18.545 17.3875 14.2 12.12937 11.59 12.64812 14.31625 14.77875 13.53875 12.05562 11.33375 10.77812 9.75875 8.553125 7.844375 7.754375 7.27 5.859375 5.08 5.87125 7.12875 8.6875 10.52812 11.14625 10.4 9.81875
