data/dem_3_50.asc
ncols         185
nrows         350
xllcorner     148575
yllcorner     562675
cellsize      50
NODATA_value  -9999
[rows 168 to 195 of 350, columns 63 to 125 of 185]
116.2506 116.3556 116.6406 116.7831 116.8388 117.0163 117.32 117.6144 117.775 117.9019 119.0931 122.0925 124.44 124.0369 123.06 123.2663 123.6675 124.0606 124.58 123.4025 120.5294 114.7394 105.6075 99.98187 99.22688 99.75625 100.8975 101.9487 103.4656 105.9388 108.3019 110.6312 113.4675 116.5031 118.905 120.3475 121.325 121.8825 122.0425 122.0325 121.9788 121.9706 122.065 122.2331 122.3512 122.3719 122.3812 122.3919 122.3856 122.5606 123.0975 123.7369 124.3594 125.5025 126.5056 126.0606 125.0831 124.705 124.9175 125.3975 125.5206 125.4769 125.7206
116.5888 116.6906 116.9281 117.0619 117.0869 117.1425 117.3806 117.7575 118.0906 119.1469 121.9875 124.8706 125.1956 123.4806 122.3037 122.7244 123.3206 123.5762 123.9731 123.9837 122.3988 117.585 109.4613 102.4844 100.0462 100.3519 101.1731 102.0387 103.695 105.985 108.0425 110.2819 113.1156 116.17 118.7744 120.5806 121.6988 122.1513 122.2075 122.1594 122.0706 122.0519 122.1331 122.275 122.3944 122.4388 122.4662 122.4987 122.5469 122.8138 123.4313 124.2012 124.955 126.49 127.8219 126.9388 125.5362 125.0981 125.1506 125.4775 125.69 125.8012 126.105
116.6731 116.8313 117.12 117.4013 117.4238 117.2525 117.3988 117.92 119.1456 121.9469 124.7819 125.1888 123.9881 122.8063 122.1131 122.1413 122.2862 122.2531 121.8538 122.6769 123.3981 120.3181 113.4156 105.3831 101.3688 101.1131 101.3081 101.905 103.365 105.5875 108.0456 111.0106 114.5506 117.7256 119.9706 121.4812 122.3538 122.6019 122.5394 122.4088 122.2556 122.1869 122.2262 122.3262 122.4238 122.4888 122.5606 122.6469 122.7644 123.0475 123.5594 124.2031 124.905 126.1031 126.9987 126.33 125.3894 125.1594 125.2594 125.5038 125.7519 126.0938 126.5387
116.5706 116.9506 117.4762 117.8806 117.805 117.4856 117.5675 118.3006 120.7444 124.2288 125.4694 124.5631 123.5737 122.6637 121.6581 121.2012 121.5038 121.8881 121.5881 122.5056 124.1325 122.325 116.4481 109.2006 104.4738 102.2363 101.2138 101.5931 103.0731 105.6081 108.5544 112.1488 116.2937 119.3994 121.0944 122.0987 122.6894 122.9069 122.8619 122.695 122.4925 122.3525 122.3325 122.4019 122.4888 122.5863 122.7275 122.8869 123.0331 123.2256 123.5344 124.0031 124.59 125.2644 125.7544 125.6419 125.28 125.1825 125.3431 125.5875 125.8519 126.2763 126.7838
116.4863 117.2269 117.9475 118.205 118.01 117.8431 117.9775 118.79 121.6219 124.69 125.1144 124.5125 123.9256 122.8587 121.395 120.4375 120.8438 121.4788 121.725 122.5581 124.2294 124.2556 120.4238 114.8081 109.7681 105.1131 101.8981 101.6781 103.7669 106.5775 109.6331 113.5519 117.555 120.0975 121.3569 122.1162 122.6344 122.9794 123.0931 122.9594 122.6937 122.4619 122.4075 122.5137 122.6687 122.845 123.0531 123.2487 123.3794 123.4894 123.6825 124.0775 124.5038 124.8613 125.2731 125.4156 125.2556 125.2069 125.3712 125.6181 125.88 126.2544 126.7331
116.6194 117.4169 118.0656 118.1856 118.0163 118.0581 118.3444 118.9631 121.395 124.5306 125.3244 124.835 124.3475 123.5 122.1256 120.7637 120.5612 121.0581 121.745 122.4563 123.4275 124.6575 123.7394 119.8812 115.2 109.9662 104.4944 102.4888 104.5994 107.3244 110.4456 114.7125 118.3694 120.4694 121.5169 122.1931 122.7181 123.09 123.28 123.15 122.8106 122.5056 122.4337 122.6062 122.8775 123.1494 123.4225 123.665 123.7975 123.8656 123.9962 124.3469 124.6819 124.8575 125.1394 125.2812 125.1969 125.2106 125.3919 125.6419 125.9006 126.2312 126.6881
116.9744 117.3869 117.8 118.0075 117.9812 118.0925 118.4744 118.9056 120.2738 123.0369 125.0294 125.1531 124.5169 123.7081 122.6244 121.45 120.8012 121.0544 121.97 122.4813 122.525 123.3769 124.4662 123.0125 118.9675 114.2056 108.1256 103.705 104.4887 107.3213 110.6944 114.8356 118.2856 120.7 121.9194 122.5281 123.0762 123.3869 123.4587 123.2419 122.8619 122.5425 122.4837 122.7181 123.0713 123.4075 123.76 124.1075 124.3 124.3531 124.4106 124.6188 124.8656 125.0612 125.2725 125.2988 125.2256 125.3119 125.5394 125.82 126.1469 126.5594 127.03
117.3075 117.4275 117.5813 117.8106 117.9475 118.1569 118.5837 118.9931 119.3744 120.735 123.3731 125.1225 124.7025 123.5837 122.7406 121.8525 121.0294 120.9556 121.7538 122.3794 122.5044 122.8519 124.1631 124.0231 120.3088 116.055 110.8112 104.9488 103.8869 106.7319 110.2237 113.5344 116.5338 119.7188 121.8625 122.7625 123.3594 123.6356 123.5738 123.2725 122.9156 122.7069 122.7612 123.0062 123.3219 123.6813 124.1175 124.57 124.8519 124.93 124.9431 124.9437 124.9675 125.1987 125.4456 125.3975 125.3737 125.58 125.87 126.1844 126.6012 127.1513 127.6319
117.665 117.6813 117.6513 117.7806 118.0212 118.3675 118.8031 119.1744 119.3281 119.5681 121.1413 123.7981 124.7387 123.845 123.0506 122.0719 121.0462 120.765 121.1969 122.0375 122.8081 123.4906 124.2081 123.3594 120.3725 117.5256 113.74 107.6831 104.3838 106.115 109.4769 112.7588 115.9575 119.1556 121.5925 122.7844 123.4519 123.8063 123.7181 123.3725 123.1144 123.17 123.4231 123.6081 123.7556 124.0488 124.5181 125.0356 125.3994 125.5175 125.5088 125.3438 125.0781 125.2069 125.54 125.5762 125.655 125.9494 126.2775 126.6094 127.025 127.5831 128.0619
117.9656 117.915 117.9437 118.1113 118.3381 118.6656 119.0294 119.2994 119.4263 119.3838 119.7594 121.6756 124.04 124.5469 123.5919 122.3662 121.54 121.2394 121.1219 121.7038 122.7844 124.3512 125.0819 123.2125 121.2094 120.3019 118.0856 111.9181 105.8144 105.815 109.0863 112.805 116.69 119.5931 121.6413 122.935 123.66 124.0644 124.0225 123.7119 123.6038 123.8919 124.2569 124.3863 124.3869 124.55 124.995 125.57 125.9512 125.9837 125.9269 125.7087 125.2162 125.1862 125.6531 125.8875 126.0381 126.3525 126.7119 127.05 127.385 127.8325 128.3069
118.0031 117.9956 118.2275 118.5287 118.7213 118.9419 119.2138 119.3769 119.3956 119.3731 119.5013 120.3163 122.3994 124.4894 124.6394 123.4313 122.5369 122.0488 121.7619 122.275 123.1975 124.9369 125.9781 124.0925 122.58 122.5437 121.3106 115.5694 107.755 105.8056 108.8356 112.8244 116.95 119.9638 122.0056 123.38 123.9825 124.2262 124.295 124.2481 124.3294 124.6369 124.9344 125.0344 125.0181 125.1681 125.6575 126.3031 126.6419 126.4406 126.2225 126.0537 125.5694 125.5062 126.0844 126.4281 126.5312 126.8013 127.1856 127.5169 127.7781 128.1294 128.5938
118.0044 118.0194 118.3019 118.6744 118.995 119.2137 119.335 119.355 119.2838 119.2625 119.4956 119.9675 120.77 122.6856 124.8544 124.9587 123.3944 122.3525 122.6131 123.4863 124.4337 125.615 125.7794 124.3319 123.3769 123.3269 122.6094 118.6537 111.1075 106.5612 108.7337 113.7819 118.5325 121.6106 123.1469 123.955 124.1675 124.1869 124.3244 124.5944 124.875 125.1469 125.3925 125.5619 125.6844 125.9794 126.595 127.24 127.4538 127.0631 126.6469 126.5212 126.2812 126.3088 126.8431 127.1669 127.2038 127.3731 127.6975 127.9863 128.2 128.5106 128.9787
118.07 118.025 118.2425 118.6781 119.1831 119.4556 119.4031 119.2781 119.215 119.2956 119.6144 120.0744 120.2937 120.8956 123.1712 125.2206 124.2944 122.7713 123.3019 124.6006 125.9512 126.3719 125.065 123.8975 123.68 123.6875 123.2862 121.1806 114.4863 107.5 108.3631 113.9906 119.0731 122.5 123.9863 124.3575 124.3075 124.2331 124.305 124.6019 124.9856 125.36 125.7087 126.0756 126.4906 127.0031 127.6513 128.0981 128.0488 127.6125 127.2244 127.135 127.1087 127.1925 127.5175 127.7787 127.8606 127.9544 128.1594 128.4037 128.6394 128.9756 129.45
118.16 118.0656 118.2138 118.6594 119.2194 119.5419 119.5319 119.4613 119.4825 119.6906 120.05 120.3931 120.6025 120.6106 121.4262 123.7 124.965 124.6194 124.9356 125.8337 126.31 125.6325 124.3163 123.7994 123.9487 124.0706 123.7944 122.4656 116.0531 107.765 107.6787 112.8856 117.27 120.805 123.1744 124.2956 124.5869 124.5888 124.5994 124.7569 125.0794 125.5075 125.9688 126.4881 127.12 127.7925 128.3356 128.51 128.2888 127.945 127.7369 127.6925 127.7056 127.7394 127.8412 128.0081 128.1525 128.2713 128.4406 128.7056 129.0556 129.4731 129.9506
118.4131 118.2913 118.3313 118.6612 119.1644 119.5319 119.7425 119.9244 120.0281 120.2375 120.5825 120.835 120.9925 121.0156 120.9962 121.9156 123.9037 125.4175 125.9656 125.8019 124.9169 124.0212 123.7575 123.9431 124.2994 124.5113 124.2513 123.0619 116.7262 107.9313 107.0975 111.9825 115.8769 118.9319 121.9662 124.2056 125.0319 125.1787 125.2019 125.2425 125.4425 125.9094 126.5275 127.0806 127.5575 128.0394 128.425 128.5338 128.3631 128.1375 128.0338 128.0294 128.0431 128.0094 127.97 128.0525 128.2606 128.4706 128.63 128.8975 129.3575 129.8887 130.3856
118.8512 118.7319 118.6687 118.8087 119.1569 119.5287 119.8875 120.2312 120.4144 120.6325 121.015 121.2675 121.345 121.3419 121.2262 121.2419 122.1081 123.5675 124.38 124.1894 123.6 123.4231 123.71 124.1281 124.6025 124.8281 124.5663 123.3962 117.4294 108.6075 106.6362 110.8694 114.7225 117.6038 121.17 124.3288 125.5294 125.7738 125.8419 125.7419 125.895 126.64 127.6038 128.1631 128.1981 128.1575 128.3369 128.4981 128.4306 128.2787 128.205 128.2494 128.3731 128.3869 128.225 128.195 128.4894 128.8013 128.8969 129.0556 129.5131 130.1044 130.5731
119.2894 119.24 119.1494 119.1381 119.2812 119.5681 119.9294 120.2787 120.5625 120.9106 121.3438 121.5894 121.645 121.6381 121.6094 121.6131 121.8369 122.4081 122.9938 123.2794 123.3625 123.53 123.8644 124.2975 124.7306 124.8388 124.4569 122.9369 117.52 109.525 106.3812 109.2262 112.8906 115.76 119.0925 122.8225 125.3487 126.2931 126.4294 126.21 126.3294 127.2419 128.4119 128.8825 128.5513 128.2494 128.3444 128.5131 128.5475 128.4819 128.4037 128.4781 128.7175 128.8056 128.5569 128.3981 128.6894 129.045 129.1369 129.2175 129.5725 130.085 130.47
119.5425 119.6544 119.6481 119.6056 119.615 119.7481 120.0075 120.3087 120.65 121.1 121.51 121.715 121.8175 121.9269 122.0831 122.3 122.5144 122.7063 122.9156 123.17 123.4556 123.7306 124.0338 124.4169 124.7588 124.7044 123.9875 121.8175 117.2669 111.3781 107.4381 107.8075 110.9538 113.9156 116.2981 119.9713 123.955 125.8919 126.5475 126.6706 126.62 126.9106 127.4756 128.0431 128.1438 128.1581 128.3844 128.5481 128.6463 128.66 128.5906 128.6425 128.8138 128.8519 128.6644 128.5469 128.7694 129.0762 129.2444 129.3731 129.6469 130.0813 130.4563
119.5644 119.8631 120.0419 120.085 120.0775 120.1044 120.2231 120.4125 120.695 121.1219 121.4837 121.6725 121.8344 122.0663 122.4 122.745 122.9156 122.9362 122.9337 123.0713 123.4963 123.94 124.2375 124.5544 124.8175 124.6912 123.8181 121.6312 118.3913 114.8438 110.7144 107.8694 108.9781 111.9369 114.3138 117.5081 120.9656 122.9856 124.555 125.315 125.1575 124.8519 124.6038 125.4231 126.8144 127.9419 128.5356 128.6394 128.7225 128.7506 128.7125 128.7475 128.8475 128.83 128.71 128.7181 128.9269 129.1862 129.3969 129.5525 129.7994 130.2581 130.7113
119.4963 119.9 120.2594 120.44 120.4837 120.4969 120.5225 120.61 120.8344 121.1456 121.4069 121.6306 121.8719 122.1319 122.4325 122.7206 122.8619 122.9169 123.0356 123.2081 123.5188 123.9769 124.3906 124.7125 124.8969 124.7756 124.1769 122.7862 120.6038 117.9325 114.5175 110.4169 108.0769 109.3737 112.165 114.64 116.7344 118.4413 120.1588 121.0387 121.2281 121.3812 121.2181 122.13 124.5212 127.1562 128.6644 128.8994 128.9494 129.0013 128.9388 128.9544 129.1387 129.1906 129.0237 129.015 129.2194 129.4481 129.6325 129.755 129.9781 130.4469 130.9431
119.5825 119.9494 120.3788 120.6719 120.775 120.79 120.7688 120.8469 121.0781 121.2475 121.4062 121.7131 122.0575 122.3081 122.4494 122.5537 122.685 122.8931 123.1937 123.4212 123.5569 123.8512 124.3344 124.7556 124.9075 124.8225 124.6606 123.9756 121.9781 119.5244 117.7387 115.1175 111.2681 109.0512 109.4962 111.1125 112.8431 114.3606 115.5906 116.3363 117.05 117.7481 118.1025 119.2337 121.6106 124.7869 127.6512 128.9438 129.2581 129.3719 129.2806 129.235 129.43 129.5606 129.4281 129.3687 129.5144 129.6938 129.8412 129.9494 130.1469 130.5381 130.9588
119.9525 120.1644 120.525 120.855 121.0038 120.9963 120.9331 121.0444 121.305 121.4319 121.59 121.9175 122.2675 122.5244 122.5681 122.5444 122.7256 123.0756 123.4012 123.5706 123.6687 123.8794 124.2675 124.6862 124.8706 124.8606 124.8281 124.1056 122.105 120.7344 120.8131 120.2731 118.1081 114.4775 111.1175 109.6787 109.6244 110.425 111.4331 112.2281 113.2519 114.2275 115.0687 116.53 118.85 122.1813 125.7744 128.1156 129.2487 129.6444 129.5644 129.5137 129.6138 129.7206 129.7094 129.7156 129.8262 129.9275 130.0263 130.1438 130.3213 130.6 130.8831
120.5294 120.5731 120.7919 121.0681 121.1912 121.0981 121.0725 121.36 121.6869 121.8388 121.9863 122.175 122.3887 122.6144 122.6712 122.67 122.9175 123.3087 123.5931 123.7094 123.8556 124.1581 124.4344 124.6306 124.795 124.8469 124.5181 123.4906 122.3719 122.4962 123.4362 123.9225 123.7588 122.2431 118.8994 114.8519 112.155 111.575 111.4212 110.8256 110.6106 110.9713 111.6756 113.2887 116.2706 120.0869 123.5744 126.4225 128.8825 129.9713 129.8919 129.835 129.9175 129.9994 129.9937 130.0506 130.1806 130.2031 130.2475 130.3831 130.5369 130.715 130.8931
121.1694 121.0988 121.1881 121.3412 121.3862 121.2956 121.4212 121.8844 122.215 122.3206 122.3631 122.3719 122.4644 122.6631 122.8175 122.9306 123.1544 123.4575 123.7 123.8356 124.0419 124.3994 124.6062 124.6256 124.7044 124.7175 124.1944 123.4037 123.5163 124.4437 125.1819 125.6444 126.0362 126.1606 125.2444 123.1338 121.2981 120.3025 118.8625 116.5925 114.6188 113.6038 113.0475 112.6956 113.4475 116.1906 119.9894 123.805 127.445 129.6469 130.1481 130.2119 130.405 130.5075 130.37 130.3237 130.4256 130.4625 130.5319 130.6781 130.7912 130.8813 131.0013
121.7312 121.5569 121.4938 121.5394 121.5656 121.6725 121.9725 122.3256 122.5506 122.6569 122.6513 122.5744 122.6019 122.7769 122.9875 123.1669 123.3475 123.5706 123.8075 124.0062 124.2613 124.61 124.8288 124.835 124.7481 124.5331 124.0462 123.7838 124.4406 125.4219 125.9844 126.3475 126.7069 126.9356 126.9269 126.825 126.8269 126.7606 126.1712 124.9587 123.6919 122.7487 121.5531 118.725 114.9431 113.6344 115.9888 120.0156 124.0381 127.6212 129.915 130.6337 130.9394 131.0606 130.8044 130.6087 130.6106 130.6981 130.8362 130.9787 131.0431 131.0831 131.1931
122.0769 121.8719 121.7294 121.735 121.7288 121.8906 122.24 122.4737 122.6369 122.7887 122.845 122.8063 122.7956 122.9069 123.0931 123.2856 123.4806 123.7312 124.0437 124.3262 124.6062 124.9675 125.2238 125.17 124.9044 124.4625 124 124.0319 124.6844 125.5094 126.0919 126.4856 126.8794 127.1387 127.1225 127.0781 127.365 127.9212 128.3387 128.4244 128.3575 128.31 127.9337 126.0756 122.1181 117.4894 114.9831 116.1725 119.7787 124.115 127.8325 129.8313 130.8131 131.285 131.1963 131.0388 131.015 131.0988 131.2275 131.3081 131.3781 131.4438 131.1419
122.1794 122.0656 122.0137 121.9331 121.7875 121.8662 122.1381 122.3819 122.5956 122.7844 122.9125 122.9375 122.9419 123.0244 123.205 123.4638 123.7125 123.9613 124.2719 124.5756 124.8575 125.2012 125.4362 125.3625 125.16 124.8306 124.4894 124.5475 124.9575 125.48 125.8975 126.2412 126.7006 127.0612 127.1119 127.12 127.4775 128.0894 128.485 128.5331 128.5887 128.9119 129.2006 129.0244 127.8031 124.515 119.1819 115.2275 116.0581 119.7119 123.1625 126.0813 128.81 130.7994 131.325 130.9394 130.3781 130.2469 130.2937 130.06 130.3519 130.5981 129.6919
122.1512 122.0794 122.1469 122.0731 121.8669 121.92 122.085 122.2375 122.47 122.7631 122.9631 123.005 123.1156 123.2831 123.4731 123.9225 124.4487 124.6537 124.6644 124.7613 125.0369 125.4231 125.7581 125.8819 125.7656 125.5194 125.3325 125.3225 125.4344 125.6338 125.84 126.135 126.6556 127.1044 127.2106 127.22 127.4912 128 128.3644 128.4119 128.5412 129.0006 129.3687 129.4344 129.405 128.7181 125.2794 119.2781 115.355 115.6825 118.1681 121.28 125.2425 129.2506 131.05 130.335 128.4856 127.22 127.1119 127.0581 127.5131 128.1706 127.3938
