data/dem_3_50.asc
ncols         185
nrows         350
xllcorner     148575
yllcorner     562675
cellsize      50
NODATA_value  -9999
[rows 28 to 55 of 350, columns 63 to 125 of 185]
82.70187 84.8825 87.03562 88.63875 89.20688 88.01312 85.84625 84.50813 83.52187 81.69437 80.77625 81.59 82.3925 82.79312 83.24062 84.09375 85.4675 86.86813 87.89375 89.40063 91.2975 92.04625 92.12187 92.1375 92.19125 92.51125 92.83625 93.09688 93.31062 93.485 93.68 94.00687 94.32188 94.56875 94.76938 94.93437 95.0575 94.93313 94.79 94.87875 95.11375 95.39188 95.4475 95.40063 95.46625 95.36437 95.2825 95.38375 95.39125 95.30563 95.21562 95.275 95.475 95.61437 95.69063 95.785 95.93687 96.13937 96.36875 96.62187 96.7725 96.865 97.03062
82.16563 83.865 85.69688 87.45187 88.80812 88.69312 87.34563 85.87375 84.19 82.20187 81.18312 82.27563 84.02 84.16063 83.30063 83.26312 83.98062 84.97625 86.15375 88.01312 90.31875 91.50813 91.56375 91.3475 91.6175 92.39375 93.09875 93.50813 93.79063 94.05125 94.1125 94.20875 94.42625 94.66875 94.88062 95.1175 95.30813 95.19125 95.09375 95.12563 95.22188 95.5175 95.68813 95.69938 95.69125 95.50813 95.50437 95.73875 95.72188 95.53875 95.44812 95.56 95.8325 95.89938 95.86313 96.0825 96.33562 96.43625 96.53875 96.7775 97.02187 97.2075 97.32875
81.845 82.82875 84.64812 86.34812 87.64188 88.33437 88.0325 86.58187 84.84062 83.51312 82.3325 82.73125 85.02375 85.7875 84.4525 83.83813 83.93437 84.13499 85.12812 86.80063 88.41563 89.58937 90.34 90.76813 91.41062 92.21625 92.99313 93.58688 93.94312 94.2975 94.43313 94.50938 94.77625 95.04625 95.10812 95.15375 95.305 95.38125 95.425 95.34813 95.32687 95.63812 95.92375 95.96 95.93813 95.81563 95.7375 95.87125 95.86188 95.74313 95.67062 95.75813 96.10938 96.14938 96.05688 96.36125 96.6375 96.6675 96.62 96.78375 97.13 97.40063 97.52812
82.56812 82.67687 83.86063 85.23875 86.54562 87.82875 88.6525 88.02687 86.205 84.59688 83.19187 82.67937 84.19938 85.84375 85.7225 85.3775 85.35812 84.69625 84.67937 85.88937 86.91125 88.24563 90.40187 91.84687 92.455 92.76562 93.16563 93.7125 94.02187 94.32125 94.5425 94.7125 95.05937 95.31937 95.29688 95.25375 95.35438 95.56438 95.61625 95.34125 95.24125 95.61938 96.0525 96.09312 96.03062 96.03812 95.95062 95.94625 95.97875 96.06125 96.06438 96.03875 96.33562 96.49187 96.51813 96.71812 96.84937 96.90625 96.90125 96.9925 97.29 97.56 97.63688
84.02375 83.69375 84.01813 85.2725 86.88812 88.2275 89.565 89.65063 87.57625 85.1475 83.58562 83.185 84.00063 85.65187 87.0575 87.68125 87.74937 86.75625 85.75375 85.84625 86.45875 88.08625 90.86063 92.8675 93.32 93.16062 93.26063 93.68063 94.07625 94.43437 94.67875 94.89875 95.25438 95.4525 95.41875 95.45563 95.57 95.73625 95.6925 95.37875 95.31375 95.63937 96.05312 96.09125 95.96687 96.02812 96.0125 95.9125 95.91125 96.17875 96.38687 96.34438 96.4825 96.69 96.8 96.87125 96.89125 96.96375 97.09187 97.2225 97.45812 97.7375 97.77187
85.91625 85.59812 85.35563 86.44 88.1425 89.17625 90.195 90.32687 88.49062 86.03687 84.66563 85.13563 86.02563 86.65375 88.06625 89.845 90.66125 89.755 88.08063 87.14125 87.36687 88.64313 90.94062 93.17937 93.67812 93.12437 93.14563 93.77813 94.39875 94.71 94.91062 95.2575 95.62875 95.8 95.79313 95.80125 95.91812 96.06438 95.89625 95.59375 95.585 95.72938 95.93625 95.95062 95.81812 95.89125 95.93375 95.8275 95.81812 96.07375 96.38313 96.48813 96.54625 96.63062 96.655 96.73 96.805 96.81062 97.01938 97.28812 97.46313 97.73 97.83938
88.18063 88.02688 86.94063 87.01375 88.78438 90.2275 90.73625 90.32687 88.87375 86.96062 85.825 86.75313 88.12688 88.23812 88.53313 90.3775 92.3575 92.24062 90.53188 89.29125 88.98875 89.34187 90.89875 93.12 93.82562 93.1725 93.30312 94.36 95.22 95.34625 95.40063 95.83188 96.1225 96.245 96.30688 96.26375 96.39687 96.53625 96.18 95.77375 95.76688 95.84563 95.92937 95.94312 95.86 95.9025 95.90875 95.82125 95.8775 96.09125 96.385 96.57625 96.62813 96.67438 96.6325 96.715 96.87563 96.82562 96.9975 97.32437 97.46687 97.68125 97.83937
88.89062 89.37 88.22688 87.57562 88.99125 90.65625 90.9075 89.8375 88.2675 86.79562 85.9625 86.92313 88.78188 89.62437 89.65188 90.5625 92.48062 93.23 92.29063 91.16312 90.40187 90.2925 91.07 92.40125 93.3025 93.315 93.74625 94.95438 95.93437 96.10625 96.10438 96.43125 96.6525 96.81875 96.95625 96.93125 97.00438 97.0175 96.62312 96.18375 96.01375 95.9975 96.05437 96.115 96.09312 96.04813 95.97938 95.93063 96.0575 96.255 96.46875 96.59125 96.625 96.77563 96.82875 96.88125 97.05187 97.06875 97.185 97.43 97.58437 97.81687 97.96625
86.66563 88.3375 88.6975 88.59937 89.26312 90.30625 90.63187 89.68625 88.06 86.68813 86.1625 86.85562 88.51688 90.31625 91.30688 91.81438 92.80812 93.59187 93.26625 92.35812 91.60313 91.57625 91.74688 91.81001 92.57875 93.47562 94.26312 95.38375 96.24438 96.48438 96.60437 96.87625 97.15 97.46812 97.66625 97.61562 97.55437 97.50437 97.34375 97.02438 96.54688 96.21313 96.17625 96.2775 96.29562 96.19312 96.135 96.17062 96.28 96.39062 96.51437 96.59438 96.6475 96.835 96.98312 97.07125 97.24313 97.35563 97.43813 97.56875 97.75875 98.07938 98.1975
85.34563 87.44125 88.845 89.39812 89.80188 90.38125 90.82812 90.52312 89.26375 87.73937 86.99438 87.23875 88.25687 90.005 91.73937 92.83813 93.59563 94.03375 93.71875 92.94938 92.46437 92.41563 92.09438 91.5425 92.0425 93.31687 94.43875 95.535 96.28687 96.54875 96.85375 97.21313 97.50813 97.87813 98.01063 97.81687 97.72813 97.78313 97.87563 97.69 97.13563 96.73125 96.53188 96.46 96.44937 96.34937 96.33063 96.41625 96.4925 96.56937 96.63812 96.72125 96.86188 96.98563 97.0925 97.29437 97.53125 97.65188 97.69312 97.735 97.91312 98.30312 98.38937
86.82562 88.70937 89.55938 90.10062 90.86625 91.33187 91.51437 91.27 90.11813 88.53188 87.58312 87.85625 88.69688 89.615 90.91812 92.37563 93.58125 94.23438 94.04 93.44188 93.21625 93.13438 92.45 91.66375 91.90375 93.01625 94.24438 95.40625 96.19063 96.555 96.94937 97.34187 97.69437 98.08937 98.1125 97.8125 97.71313 97.82687 98.045 97.9475 97.6625 97.65875 97.42687 96.95687 96.63937 96.44937 96.41125 96.5025 96.65375 96.8125 96.83813 96.88062 97.1025 97.205 97.26375 97.61562 97.99313 98.095 98.07063 97.99375 98.06187 98.44312 98.54688
87.55625 89.94688 90.43375 91 92.0225 92.39875 92.22688 91.58562 90.37563 89.21812 88.61687 88.74 89.305 89.83625 90.43687 91.40688 92.69375 93.82375 94.27063 94.14938 94.06187 94.015 93.38187 92.5375 92.5675 93.30812 94.285 95.45062 96.24812 96.62437 97.01688 97.35 97.74125 98.21625 98.305 97.935 97.6275 97.79188 98.13 98.16375 98.21125 98.34187 98.04188 97.38875 96.77937 96.45 96.41125 96.56937 96.80375 97.00938 97.03687 97.03875 97.24062 97.38812 97.52813 98.05563 98.68063 98.77438 98.58313 98.49062 98.48813 98.63563 98.69188
87.04312 89.98812 91.18187 91.93375 92.6025 92.78812 92.64 91.93063 91.06687 90.73688 90.60313 90.105 89.90312 90.34375 90.81625 91.29813 92.0925 93.125 94.0625 94.64125 94.845 94.83625 94.4625 93.87063 93.83375 94.29813 94.93938 95.87 96.55937 96.845 97.17062 97.44813 97.78812 98.28 98.46 97.98 97.52 97.80875 98.21625 98.37 98.45625 98.1975 97.67937 97.21625 96.78375 96.51063 96.57063 96.80063 97.00188 97.20563 97.31313 97.31875 97.42438 97.72125 98.0975 98.66 99.41438 99.45312 99.0575 99.10188 99.08188 98.87563 98.81625
87.84125 89.94812 91.69 92.50437 92.60313 92.5875 92.66187 92.25938 91.99062 92.35875 92.50125 91.705 90.97312 91.21625 91.71812 91.98688 92.48438 93.26 94.03812 94.84375 95.39188 95.47313 95.31875 95.08063 95.05125 95.4 95.84625 96.40187 96.89438 97.09563 97.32437 97.60062 97.79313 98.04813 98.21188 97.91688 97.58 97.70813 98.02 98.3275 98.32125 97.7925 97.29938 97.09875 96.88688 96.74625 96.91438 97.135 97.28563 97.51375 97.7175 97.76562 97.78938 98.24438 98.82625 99.11875 99.60438 99.66937 99.315 99.38812 99.33938 99.14562 99.20062
89.73375 90.31875 91.93813 92.93813 92.79188 92.69 92.86625 92.81438 93.01062 93.6475 93.91625 93.24625 92.32625 92.36687 92.84875 93.06563 93.63875 94.38187 94.77062 95.25125 95.81313 95.97625 96.0025 96.02187 95.81313 95.86875 96.39188 96.87312 97.09875 97.16438 97.36188 97.69375 97.80688 97.80813 97.81812 97.6675 97.43313 97.38875 97.69875 98.1125 98.06125 97.595 97.3475 97.30187 97.125 97.045 97.24937 97.4775 97.64563 97.87312 98.10563 98.20438 98.22562 98.59 99.075 99.14812 99.2875 99.44375 99.39062 99.46313 99.46875 99.55813 99.77937
91.0825 91.3025 92.55875 93.47688 93.30688 93.18562 93.40688 93.57188 93.91875 94.55625 94.87437 94.43312 93.48625 93.23187 93.68437 94.05125 94.5975 95.19 95.435 95.69375 96.0325 96.23438 96.48625 96.69375 96.28375 95.9325 96.52812 97.15312 97.22375 97.16937 97.33938 97.70812 97.95875 98.0225 97.81937 97.41937 97.18 97.20937 97.4725 97.77875 97.79562 97.5625 97.47625 97.48813 97.38875 97.41 97.62437 97.83688 97.9925 98.17375 98.35438 98.56563 98.87688 99.16937 99.37625 99.35625 99.25125 99.35438 99.55563 99.69437 99.77 99.96625 100.07
91.94375 91.89625 92.6 93.45625 93.44187 93.2125 93.68625 94.10687 94.32437 94.84937 95.16937 94.85375 94.05688 93.6875 94.11 94.56562 94.90625 95.2875 95.57938 95.84937 96.055 96.245 96.58 96.83063 96.59187 96.34312 96.72688 97.19625 97.3125 97.27937 97.42188 97.79375 98.13563 98.29875 98.07313 97.63313 97.47063 97.49937 97.45438 97.43687 97.565 97.66438 97.70875 97.68875 97.64938 97.80812 98.0525 98.22124 98.3075 98.40187 98.53438 98.965 99.72375 100.2056 100.2194 99.91125 99.60938 99.79313 100.2862 100.4106 100.2513 100.265 100.2094
92.52625 92.00063 92.1275 93.01625 93.38563 93.20063 93.78125 94.34563 94.4625 94.86125 95.19187 94.98062 94.38 94.085 94.42563 94.79625 95.07875 95.30063 95.40188 95.77438 96.24875 96.53812 96.7875 96.89875 96.77625 96.69875 96.83688 97.12375 97.28812 97.30813 97.5675 97.97813 98.22562 98.27688 98.05375 97.78938 97.8075 97.92062 97.8925 97.71687 97.65562 97.83437 98.02812 98.00813 98.00188 98.1975 98.42313 98.58187 98.605 98.6225 98.76875 99.25375 100.0619 100.6562 100.5956 100.1606 100.0681 100.5944 101.3363 101.3469 100.77 100.5287 100.5069
93.4075 93.32188 93.1425 93.32875 93.70187 93.77063 94.0475 94.40188 94.58312 95.01688 95.35938 95.17 94.78875 94.71625 94.82188 94.87625 95.25687 95.41813 95.23375 95.70625 96.49937 96.92687 97.13875 97.19813 97.09688 96.80688 96.66937 97.11875 97.46687 97.52563 97.78687 98.09 98.20563 98.045 97.67375 97.46438 97.55062 97.76562 98.03438 98.1 97.93938 97.98312 98.23438 98.37063 98.50313 98.61 98.695 98.83312 98.85062 98.90813 99.11125 99.46812 100.0687 100.5656 100.4525 100.2219 100.4837 101.0706 101.6381 101.5694 101.0338 100.84 100.9331
94.38313 94.595 94.43438 94.27563 94.24187 94.07625 94.13062 94.50063 94.8275 95.23125 95.41438 95.17687 95.06 95.31375 95.25 94.9175 95.335 95.69938 95.6375 96.04188 96.65312 96.98438 97.16438 97.3375 97.33063 96.88375 96.61313 97.20688 97.84937 97.98937 98.06875 98.30563 98.46 98.07313 97.44625 97.22188 97.25 97.39438 97.64563 97.87188 97.97813 98.0375 98.25188 98.56688 98.88375 98.95875 98.945 99.04125 99.09688 99.27312 99.58562 99.99687 100.6031 100.9856 100.7537 100.5625 100.7269 100.9931 101.3156 101.3694 101.2369 101.2288 101.3231
94.7275 94.7425 94.64812 94.86438 94.77875 94.26063 94.375 94.82875 94.92438 95.10188 95.145 94.96 95.00562 95.33938 95.44375 95.23812 95.60812 96.0775 96.22 96.39562 96.63937 96.94125 97.17563 97.26375 97.12063 96.81125 96.66563 97.05437 97.62875 97.78687 97.98187 98.505 98.79875 98.34125 97.56062 97.29813 97.30375 97.38875 97.54688 97.75125 97.97625 98.07875 98.28125 98.65813 99.06313 99.23563 99.28375 99.34375 99.42937 99.66125 100 100.4825 101.0706 101.3819 101.1762 100.9863 100.9819 101.0425 101.3025 101.4737 101.5312 101.6006 101.6937
94.5875 94.83312 94.77062 95.0375 95.13062 94.88125 95.08313 95.21313 94.95375 95.08063 95.16375 94.93188 94.81313 95.07938 95.56875 95.81563 96.0775 96.2825 96.32625 96.41 96.71938 97.17188 97.405 97.24812 96.92313 96.87063 96.885 96.96875 97.17438 97.23563 97.57313 98.2425 98.58437 98.22813 97.63625 97.475 97.49687 97.60938 97.82812 98.0125 98.14313 98.24187 98.46875 98.82063 99.215 99.44125 99.55812 99.65 99.80625 100.0312 100.1781 100.4344 100.8238 101.1131 101.1444 101.1931 101.3319 101.4106 101.5788 101.7094 101.81 102.0006 102.1931
93.42937 94.03625 94.39 95.02125 95.28 95.26063 95.3925 95.25687 95.0425 95.30875 95.62937 95.5125 95.21625 95.40562 95.97063 96.36125 96.44187 96.19 96.07687 96.43375 97.0425 97.42937 97.51688 97.345 96.9925 97.03938 97.25687 97.35313 97.3675 97.33063 97.51375 97.89625 98.11188 97.88 97.66375 97.72 97.70187 97.84937 98.16 98.30813 98.365 98.45875 98.66125 98.96188 99.3125 99.50188 99.61938 99.81187 100.0456 100.2419 100.2806 100.4163 100.7288 101.0044 101.1413 101.3306 101.6306 101.7669 101.8244 101.8962 102.0806 102.42 102.645
91.51 92.34187 93.71188 94.95125 95.2925 95.19688 95.15688 94.93125 94.89062 95.35625 95.87563 96.06125 95.99062 96.08625 96.32687 96.54813 96.49313 95.915 95.77125 96.44437 97.1675 97.4475 97.44938 97.35938 97.13375 97.19063 97.47 97.6775 97.73937 97.7575 97.87813 97.96562 97.99687 97.92375 97.9775 98.12062 98.00437 98.09688 98.40375 98.4975 98.5375 98.62 98.76562 99.02688 99.35188 99.51937 99.63125 99.90125 100.15 100.2881 100.4137 100.6662 101.0188 101.2787 101.3913 101.5456 101.8594 102.0238 102.0038 102.0619 102.3231 102.6669 102.7744
90.705 92.255 94.20187 95.1225 95.13375 95.04312 94.93813 94.76125 94.90125 95.38187 95.66125 95.82063 95.99125 96.17375 96.28062 96.23875 96.17062 95.79063 95.735 96.32687 96.98875 97.32562 97.24438 97.24125 97.35438 97.46562 97.62125 97.79688 97.94688 98.11375 98.26063 98.23438 98.22125 98.26312 98.37187 98.49937 98.41187 98.44125 98.57313 98.5725 98.65312 98.7725 98.89375 99.13625 99.42375 99.59438 99.76188 100.0331 100.2375 100.3594 100.5744 100.8662 101.1963 101.46 101.6131 101.7913 102.0356 102.1787 102.1712 102.2531 102.5219 102.7487 102.7044
91.8725 93.71375 95.13625 95.43375 94.98312 94.87187 94.86687 94.81062 94.94875 95.15375 95.19813 95.34063 95.56375 95.86687 96.1075 95.9475 95.87688 95.90625 95.95812 96.25875 96.83312 97.18063 97.00312 97.1625 97.62375 97.82313 97.93063 98.07249 98.2525 98.46687 98.50625 98.37625 98.38313 98.52 98.67875 98.7775 98.75188 98.83688 98.975 98.90688 98.82 98.89375 99.03687 99.26187 99.48062 99.62063 99.85625 100.0925 100.2363 100.4231 100.7406 101.0419 101.2806 101.5069 101.7763 102.0638 102.2106 102.2975 102.3825 102.4731 102.6562 102.8156 102.7887
93.51063 94.56313 94.67687 94.44875 94.185 94.32063 94.69688 94.86188 94.99062 95.11813 95.15562 95.34875 95.56563 95.8 96.04312 96.005 95.97188 96.11125 96.21625 96.36938 96.78313 97.0425 96.96125 97.26813 97.85625 98.12375 98.23125 98.36 98.54312 98.71437 98.59813 98.41375 98.48 98.7025 98.95187 99.03 98.945 99.04625 99.4075 99.43562 99.05812 98.98062 99.235 99.50562 99.61 99.635 99.8425 100.0725 100.2344 100.4744 100.8812 101.2331 101.3875 101.5813 101.9656 102.3394 102.4187 102.415 102.5494 102.6831 102.8094 102.9512 103.0488
93.4575 93.66937 92.45375 91.79437 92.69813 93.755 94.60313 95.05813 95.34688 95.58813 95.61 95.68188 95.8 95.89062 96.045 96.16125 96.19563 96.30125 96.45062 96.5125 96.67438 96.9125 97.07812 97.45875 97.99313 98.27625 98.395 98.49812 98.645 98.77062 98.63375 98.50375 98.63438 98.825 99.04625 99.17937 99.05375 98.98688 99.30375 99.48187 99.21562 99.25437 99.67937 99.9125 99.8475 99.77812 99.92125 100.1456 100.3562 100.6062 100.9719 101.2887 101.445 101.6981 102.1756 102.5875 102.61 102.5231 102.6912 102.9494 103.0956 103.1687 103.3056
