data/dem_4_50.asc
ncols         88
nrows         295
xllcorner     185525
yllcorner     681675
cellsize      50
NODATA_value  -9999
[rows 87 to 115 of 295, columns 0 to 63 of 88]
-9999 -9999 -0.1 -0.1525 6.69125 22.20625 32.89938 35.16813 34.99812 34.0125 32.28062 30.305 29.04812 28.1325 26.89187 25.58375 24.64625 24.24438 24.33125 24.59375 24.8525 25.10125 25.23438 25.435 26.35938 28.17875 30.01125 31.05062 31.05437 30.10875 28.4 25.93188 23.11 20.65063 18.75875 17.29313 16.26 15.68937 15.3575 14.97125 14.56688 14.32187 14.20625 14.15063 14.09188 13.99813 14.03438 14.29688 14.66625 15.04688 15.3525 15.51813 15.69312 16.04688 16.5025 16.89937 17.15625 17.30188 17.48313 17.77687 17.88812 17.85875 18.16875 18.64688
-9999 -0.1 -0.1 -0.058125 7.173125 22.81688 33.31 35.88562 35.82625 34.28437 32.08812 30.09375 29.11563 28.31437 27.0225 25.73875 24.87625 24.53812 24.6625 24.98938 25.36563 25.7375 25.95375 26.13125 27.00125 28.79313 30.52625 31.58438 31.58187 30.24688 28.12062 25.5575 22.85625 20.55562 18.76813 17.36125 16.38 15.82312 15.43437 14.99375 14.62 14.46063 14.33938 14.14875 14.00187 13.94812 14.04875 14.32375 14.685 15.11438 15.51812 15.75313 15.9475 16.29437 16.73875 17.15187 17.44188 17.585 17.72938 17.96812 18.17625 18.31312 18.55125 18.94062
-9999 -0.1 -0.1 0.968125 9.764375 25.08625 34.405 36.77125 36.64875 34.71188 32.41938 30.68188 29.70625 28.645 27.20625 25.95125 25.1725 24.92688 25.1275 25.54188 26.03 26.45125 26.67562 27.00687 28.05062 29.74375 31.32625 32.3325 32.21437 30.74687 28.56313 25.97437 23.16688 20.69687 18.81688 17.41625 16.45563 15.82625 15.27375 14.74687 14.40938 14.2875 14.18937 14.05188 13.98875 14.04875 14.23687 14.485 14.72125 15.05875 15.50688 15.86375 16.12938 16.4925 16.95812 17.38437 17.66562 17.81625 17.96812 18.16125 18.34875 18.56812 18.89688 19.33375
-9999 -0.1 -0.086875 3.489375 15.50438 29.51937 36.33375 38.0575 37.78 35.8225 33.63813 31.97562 30.6 29.08375 27.49625 26.19437 25.43125 25.2925 25.61188 26.145 26.74187 27.21437 27.52875 28.08125 29.25625 30.82438 32.19687 32.94062 32.7275 31.48187 29.42188 26.6725 23.54688 20.76063 18.70875 17.27063 16.30625 15.62063 14.98625 14.4525 14.14375 13.98125 13.88125 13.88375 13.99875 14.20187 14.45875 14.65 14.76188 15.02312 15.51125 15.9775 16.30313 16.65562 17.095 17.49 17.75375 17.93625 18.13562 18.36563 18.63812 18.97313 19.3375 19.75063
-9999 -0.1 -0.02625 6.101875 21.23562 33.985 38.48375 39.4875 39.0475 37.34 35.26 33.36375 31.48188 29.59125 27.9075 26.61125 25.87563 25.745 26.0725 26.69312 27.40375 27.99438 28.52312 29.24313 30.34312 31.72062 32.91562 33.53625 33.41375 32.34187 30.1975 27.12563 23.66438 20.6475 18.47688 16.9925 16.00125 15.37375 14.85375 14.32063 13.9725 13.80437 13.73 13.82063 14.03312 14.29313 14.545 14.70687 14.84937 15.18375 15.72437 16.22 16.54 16.83313 17.19188 17.53687 17.8075 18.03062 18.27375 18.58375 18.96812 19.35375 19.7075 20.13375
-0.1 -0.1 0.12 7.935625 25.10438 37.35375 40.46 40.73625 39.91687 38.34125 36.395 34.15875 31.92125 29.94938 28.33438 27.24688 26.65312 26.46 26.68625 27.34312 28.155 28.85625 29.5375 30.34188 31.32812 32.46875 33.50562 34.1825 34.22 33.15375 30.76375 27.34687 23.66312 20.5575 18.3075 16.735 15.69812 15.18062 14.80937 14.2425 13.86312 13.7775 13.775 13.90438 14.11312 14.31938 14.51375 14.70625 15.00688 15.48125 16.01937 16.46688 16.77563 17.0425 17.345 17.65 17.92937 18.20563 18.50125 18.84813 19.22625 19.5225 19.82562 20.34188
-0.1 -0.1 1.55875 12.41625 30.38 40.56562 41.9675 41.53375 40.34687 38.81813 36.88875 34.21875 31.7375 29.955 28.685 28.01562 27.70187 27.53125 27.66562 28.27563 29.0925 29.79875 30.46125 31.31875 32.33313 33.27813 34.12625 34.78938 34.92875 33.90313 31.2675 27.53375 23.72875 20.60312 18.26813 16.55875 15.47875 14.96875 14.56125 14.02437 13.7725 13.8225 13.89875 14.05062 14.2375 14.36563 14.48812 14.705 15.1075 15.61812 16.08688 16.5025 16.86813 17.19062 17.5175 17.82375 18.10437 18.43312 18.77938 19.09375 19.3825 19.58375 19.84062 20.39625
-0.1 -0.08 4.8825 20.37875 36.9475 43.19188 42.96375 41.85062 40.62938 39.525 37.53188 34.23188 31.34688 29.78813 29.0525 28.85438 28.87812 28.84438 28.92813 29.375 30.02938 30.62313 31.20125 32.0925 33.16063 33.97063 34.65937 35.21125 35.39625 34.50938 31.73688 27.81437 23.9775 20.84063 18.46812 16.77625 15.74062 15.05375 14.41563 13.90312 13.78938 13.92313 14.03063 14.19625 14.4025 14.50813 14.56063 14.72687 15.0775 15.49438 15.89937 16.36125 16.84312 17.2625 17.65125 17.98812 18.2775 18.63062 18.98187 19.24313 19.51312 19.77875 20.05937 20.55062
-0.1 0.002499997 7.90125 26.67562 41.17688 44.58438 43.71437 42.21812 41.26125 40.87875 39.2825 35.58937 31.995 30.33125 29.905 29.93875 30.14437 30.19125 30.19812 30.41813 30.79812 31.205 31.73938 32.5475 33.43187 34.15625 34.80062 35.21687 35.2475 34.3325 31.71437 28.035 24.39563 21.34813 19.02 17.53687 16.63125 15.62438 14.6725 14.13 14.01125 14.08438 14.1425 14.29125 14.51437 14.65563 14.68563 14.76312 14.99938 15.325 15.71625 16.245 16.83312 17.33688 17.76312 18.1175 18.42062 18.78312 19.13938 19.41938 19.7825 20.20312 20.54062 20.93125
-0.1 0.05249999 9.6775 30.375 43.62688 45.39687 44.33187 42.90313 42.3225 42.63438 42.4075 39.69437 35.36375 32.56937 31.64125 31.43188 31.51312 31.49063 31.39187 31.41562 31.54875 31.79 32.32 33.03312 33.62687 34.15437 34.70563 34.96625 34.60188 33.3375 30.95625 27.82438 24.6525 21.9025 19.68125 18.26375 17.34063 16.145 15.03625 14.4275 14.22 14.225 14.25688 14.32312 14.46125 14.64812 14.74438 14.7825 14.94625 15.25937 15.68688 16.2375 16.82812 17.34438 17.79313 18.17875 18.51063 18.895 19.3 19.66813 20.13938 20.67375 21.08375 21.43937
-0.1 0.794375 12.63313 34.33125 45.7025 45.92062 44.84438 43.72063 43.49313 44.32375 45.40813 44.29375 40.09625 36.15375 34.1475 33.21875 32.87062 32.69625 32.565 32.52 32.57063 32.8275 33.43187 34.08875 34.43625 34.7925 35.24125 35.27187 34.655 33.00687 30.28125 27.26375 24.50438 22.13563 20.11938 18.595 17.46563 16.28875 15.19687 14.47375 14.19812 14.255 14.34375 14.4025 14.59562 14.81625 14.8275 14.8075 14.975 15.32187 15.79813 16.31375 16.7825 17.2225 17.69438 18.14938 18.54062 18.94375 19.365 19.79437 20.32562 20.90875 21.41562 21.83937
-0.209375 2.763125 17.80563 38.46688 46.9925 46.39375 45.34625 44.475 44.72813 46.10313 47.56688 47.09375 43.9025 40.16188 37.3125 35.26625 34.09875 33.65812 33.61625 33.71625 33.90812 34.47187 35.45875 36.1375 36.15187 36.48063 36.9575 36.54 35.56688 33.55687 30.25813 26.98187 24.265 22.03938 20.2325 18.74125 17.50875 16.335 15.18688 14.3575 14.08813 14.21313 14.38125 14.60563 15.00125 15.15375 14.93188 14.87938 15.13188 15.51125 15.9725 16.3925 16.71 17.06625 17.5525 18.07 18.53563 18.9525 19.3375 19.77438 20.3075 20.85438 21.40438 21.92125
-0.37125 5.2075 23.26 41.47187 47.4625 47.11187 46.04063 45.18813 45.76437 47.35125 48.78875 48.85437 47.20375 44.61813 41.31187 37.70375 35.21437 34.32563 34.39375 34.79313 35.3125 36.34 38.00625 38.92562 38.58875 38.84938 39.17562 37.99438 36.19812 33.765 30.5125 27.29313 24.39688 21.98937 20.185 18.81125 17.61312 16.36188 15.11687 14.29125 14.07187 14.2125 14.49438 14.88375 15.18625 15.10812 14.89313 15.06437 15.48188 15.805 16.11625 16.41063 16.63437 16.94625 17.415 17.94062 18.44625 18.89688 19.3025 19.74375 20.20188 20.63563 21.17375 21.75813
-0.3175 8.1125 28.6025 43.66687 47.31688 47.60812 46.77063 45.89875 46.085 46.855 47.7425 48.55 48.79438 47.90187 44.84875 40.0125 36.25875 34.93438 35.0275 35.68562 36.615 37.925 39.765 40.86187 40.62375 40.7925 40.57938 38.64062 36.22625 33.61937 30.70938 27.80875 24.99688 22.58438 20.65937 19.04812 17.62812 16.24375 15.04313 14.40938 14.30313 14.60375 15.16375 15.44188 15.22 14.87 14.835 15.29937 15.76937 15.91625 16.135 16.41375 16.61938 16.91 17.315 17.78125 18.24187 18.68937 19.1625 19.645 20.04688 20.41813 20.96812 21.59813
-0.1075 10.52875 32.62375 45.18687 46.81875 47.4775 47.28375 46.35625 45.36875 44.9675 45.25625 46.23188 47.39437 47.89312 46.09063 41.42 37.25938 35.7825 35.83875 36.56813 37.89625 39.35688 40.39312 40.8125 40.68813 40.7475 40.1775 38.02875 35.53313 33.24187 30.92813 28.50125 26.00125 23.80313 21.75687 19.66562 17.78375 16.18375 15.06563 14.67813 14.75937 15.3225 16.0475 15.92125 15.19375 14.7775 14.90375 15.44 15.88188 16.03437 16.22 16.455 16.69687 16.99063 17.31812 17.69375 18.05625 18.41 18.86125 19.39375 19.87 20.3125 20.97062 21.76813
0.338125 12.015 34.08437 45.51062 46.37938 46.96875 47.06562 45.81313 43.71563 42.76375 43.14312 44.14125 45.48 47.00438 46.54437 42.39812 38.30312 36.90375 36.89 37.46687 38.875 40.27187 40.30437 39.59187 39.05625 38.95187 38.42688 36.525 34.26313 32.54688 31.12563 29.35375 27.165 24.99187 22.76687 20.45813 18.28563 16.43813 15.25813 14.89563 15.015 15.50438 15.94875 15.63813 15.04437 14.8525 15.06938 15.51125 15.92813 16.19312 16.32063 16.48063 16.77438 17.07875 17.3575 17.67875 17.99125 18.2575 18.70625 19.32875 19.82125 20.35 21.16625 22.04438
1.7925 15.015 35.43625 45.2075 46.02625 46.21375 45.83688 44.4275 42.26937 41.3275 41.85812 43.02813 44.8775 47.38187 47.4925 43.37375 39.3825 38.06562 37.9225 38.18563 39.10437 39.89062 39.34687 38.21062 37.365 36.97375 36.34375 34.77 32.945 31.66562 30.85 29.74063 28.0275 25.90063 23.60813 21.34 19.09375 17.09312 15.7425 15.1175 14.92062 15.04875 15.25313 15.11938 14.90125 14.91937 15.1475 15.47688 15.7125 15.88062 16.125 16.43062 16.7725 17.09312 17.36938 17.68063 18.01625 18.3125 18.83187 19.50187 19.90438 20.44 21.22938 21.84625
4.655625 20.49312 37.85437 44.51937 45.21312 45.26375 44.79313 43.67062 41.955 41.10062 41.51313 42.9225 45.30312 47.78812 47.46125 43.67875 40.29 39.03062 38.75063 38.72688 38.975 39.05938 38.20813 37.04 36.09375 35.30062 34.43938 33.2875 32.03375 31.00625 30.45312 29.83562 28.44125 26.41687 24.315 22.24063 20.065 18.02812 16.48375 15.48562 14.8375 14.6225 14.78312 14.83 14.77125 14.84875 15.05688 15.34875 15.55062 15.675 15.96875 16.37375 16.76562 17.13563 17.44687 17.75125 18.11813 18.51312 19.0975 19.71875 20.02 20.45187 21.1 21.58125
8.07375 26.82 40.6375 43.69125 44.01625 44.29688 44.3575 43.62437 42.545 42.24187 42.79375 44.47813 46.82063 48.09687 46.67937 43.45375 40.9575 39.7925 39.36687 39.15437 38.89188 38.54562 37.67625 36.53 35.55812 34.53875 33.32125 32.23063 31.3425 30.4925 29.68 28.66562 27.5875 26.3975 24.75562 22.8025 20.69812 18.6375 16.915 15.6675 14.815 14.3525 14.34125 14.53563 14.73125 14.90625 15.03875 15.24875 15.53938 15.745 15.9875 16.37812 16.8175 17.23812 17.58875 17.90125 18.28687 18.82562 19.64437 20.24562 20.26437 20.5075 21.15937 21.74313
10.17625 30.44125 41.96375 42.9775 43.16125 43.53062 43.8275 43.39312 43.155 43.98312 45.19563 46.88562 48.36375 48.29187 46.335 43.53875 41.52312 40.44313 39.84125 39.44688 38.895 38.47125 37.995 36.9525 35.85437 34.76875 33.21188 31.65187 30.61625 29.99813 28.31187 25.41438 24.30812 24.79313 24.33313 22.67125 20.49875 18.37313 16.59 15.365 14.63062 14.09562 13.91 14.2575 14.81375 15.15812 15.18875 15.20813 15.44187 15.72312 16.00438 16.39375 16.85188 17.42063 17.93375 18.16625 18.44875 19.08 20.115 20.76125 20.5925 20.75688 21.47688 22.13437
11.9675 31.36312 41.345 42.03688 42.4125 42.77438 42.94625 42.71875 43.22063 45.095 46.90937 48.035 48.23563 47.42125 45.7375 43.525 41.93813 41.09687 40.44437 39.89375 39.27562 38.95875 38.76688 37.82812 36.6375 35.63313 34.20625 32.37437 30.95687 30.29125 28.31938 24.54625 22.73938 23.41063 23.51063 21.91063 19.57 17.49313 15.875 14.90063 14.41187 14.04313 13.97125 14.3675 14.97437 15.36312 15.34188 15.26625 15.53875 16.04313 16.49937 16.93875 17.42312 18.0925 18.58187 18.50438 18.58187 19.11938 20.11312 20.93937 20.93875 21.1525 21.89187 22.565
16.18937 33.5625 40.91063 41.08937 41.51313 42.05312 42.15562 42.125 43.35188 45.78062 47.53125 47.77937 46.97688 45.7425 44.10875 42.58062 42.06125 41.99313 41.47937 40.71875 40.05687 39.61625 39.305 38.74812 38.02562 37.21687 35.93937 34.18875 32.50312 31.30437 29.96 27.76 25.77813 24.70625 23.28 20.86687 18.43375 16.56375 15.21375 14.50562 14.20813 14.08813 14.26812 14.64062 15.075 15.4025 15.41313 15.40187 15.77875 16.43687 17.02188 17.52813 18.06313 18.75875 19.11875 18.88313 18.99875 19.55125 20.34062 21.03188 21.2 21.5775 22.31625 22.955
21.21875 36.25625 40.77438 40.60688 41.14313 41.94563 42.15187 42.50375 44.10375 46.23 47.60125 47.63937 46.7775 45.5175 43.57375 41.92062 41.98438 42.73188 42.51875 41.67125 41.02687 40.545 40.19437 40.0525 39.82438 39.09625 37.80437 36.185 34.44875 32.905 31.74313 30.39812 28.28563 25.63688 22.75125 19.93312 17.625 15.85563 14.61875 14.01313 13.79 13.75375 14.00062 14.47812 15.02125 15.38562 15.4575 15.54813 15.885 16.30563 16.66438 17.085 17.6425 18.47812 19.09063 19.16125 19.51813 20.32312 21.09687 21.3825 21.61125 22.265 22.86938 23.3675
25.38938 37.85625 40.25375 40.36438 41.13375 42.0725 42.55 43.41438 44.94563 46.4775 47.68625 47.96125 47.52063 46.975 45.57938 43.42062 42.5875 43.11687 43.155 42.555 42.07812 41.79562 41.62188 41.65125 41.6125 41.05875 39.97937 38.5275 36.80812 35.14188 33.45063 31.205 28.30125 25.10312 22.14938 19.675 17.49438 15.56 14.17375 13.51875 13.31 13.30062 13.59562 14.25625 15.0025 15.42313 15.5225 15.71187 16.0225 16.17312 16.29313 16.64875 17.23125 18.01562 18.7 19.12062 19.77625 20.9125 21.84063 21.9575 22.26125 23.06812 23.5275 23.92312
29.24875 38.65187 39.81313 40.20125 41.06063 42.02687 42.735 43.72375 44.955 46.12062 47.13063 47.45937 47.43125 47.73625 47.51812 45.78812 44.09687 43.80875 43.84875 43.48625 43.14375 43.01437 42.97813 43.02312 43.0175 42.6775 41.89563 40.64687 38.91938 36.93687 34.44062 31.08562 27.5875 24.6175 22.26875 20.26188 18.05812 15.725 14 13.24813 13.09437 13.20813 13.59813 14.285 15.03438 15.46 15.64188 15.95 16.22 16.335 16.52625 16.84375 17.38938 18.0525 18.5875 19.12437 20.02875 21.25187 21.98438 22.12062 22.58562 23.3775 23.9425 24.48
32.59563 38.67125 39.87875 40.5825 41.3775 42.1425 42.71062 43.48812 44.175 44.57188 45.56562 46.92937 47.76875 48.21687 47.96062 46.48438 44.99313 44.60875 44.65937 44.44313 44.16625 44.0425 43.955 43.81813 43.58875 43.15062 42.41813 41.27 39.51688 37.04375 33.67313 29.71437 26.28625 24.00562 22.61563 21.16937 18.73812 15.89688 13.93 13.15938 13.04688 13.21813 13.62562 14.25813 14.97188 15.43437 15.75 16.15937 16.34 16.44875 16.88875 17.4425 17.965 18.39125 18.76188 19.31688 20.195 21.0425 21.515 21.995 22.70563 23.4625 24.17063 24.85188
34.9975 39.01062 40.5125 41.39062 42.1375 42.72562 43.04688 43.46062 43.10063 42.49625 44.33812 47.48563 48.87312 48.72313 47.68813 46.07312 45.18187 45.17688 45.28812 45.2 44.94188 44.67688 44.35938 43.87437 43.18375 42.285 41.2275 39.92313 38.07125 35.30375 31.63563 27.76937 24.75438 23.15187 22.5775 21.48812 18.74625 15.66562 13.83562 13.18437 12.99562 13.01375 13.36875 14.04625 14.82312 15.35812 15.70687 16.18625 16.47937 16.4675 17.055 18.275 18.93125 18.87563 18.9725 19.50875 20.29938 20.83813 21.2425 22.08625 23.05875 23.88812 24.5675 25.19625
35.8125 39.74313 41.48063 42.31875 43.00625 43.785 44.34813 44.17688 42.84312 42.30125 44.79937 47.91875 48.67937 48.05437 47.00938 45.83375 45.355 45.42437 45.54437 45.52438 45.22875 44.795 44.2975 43.585 42.49875 41.01062 39.26875 37.34063 35.17937 32.53688 29.30375 26.00438 23.52188 22.32937 21.83688 20.585 17.92438 15.25875 13.82938 13.28938 12.9725 12.83187 13.14 13.88313 14.71813 15.32 15.67562 16.21688 16.70375 16.56187 17.12625 18.74063 19.46937 19.27875 19.4575 20.09937 20.83125 21.195 21.525 22.39437 23.55125 24.58875 25.16 25.64688
35.99438 40.29 42.6025 43.50687 43.89188 44.99375 46.52438 46.39687 44.94938 44.60188 44.93875 44.23375 43.84438 45.08688 45.84813 45.34 44.95562 45.01688 45.22437 45.34375 45.1225 44.64437 44.14563 43.50625 42.34 40.38438 37.79562 35.01188 32.49313 30.16438 27.56437 24.98375 23.11687 21.865 20.59063 18.9 16.79812 14.94563 13.8975 13.51188 13.11625 12.56625 12.83 13.89062 14.78625 15.34813 15.70063 16.32313 16.94813 16.88187 17.6025 19.0525 19.41063 19.48187 20.20938 20.9475 21.37 21.57375 21.96375 22.69687 23.885 25.16813 25.675 26.00312
