data/dem_3_50.asc
ncols         185
nrows         350
xllcorner     148575
yllcorner     562675
cellsize      50
NODATA_value  -9999
[rows 196 to 223 of 350, columns 0 to 62 of 185]
126.0975 125.62 125.0144 124.4013 123.9125 123.34 122.7156 122.3219 122.1525 122.09 121.935 121.5044 120.805 120.0062 119.5225 119.7831 120.3538 120.4181 120.0737 119.7706 119.5319 119.2769 119.1519 119.1369 118.9869 118.6794 118.3775 117.3863 116.605 117.7613 118.7925 118.5744 118.4325 118.5706 118.78 118.9481 119.0175 119.0175 119.1637 119.4506 119.5587 119.5306 119.5156 119.5 119.5044 119.6531 119.9812 120.275 120.4437 120.495 120.435 120.3844 120.5325 120.8506 121.0387 121.2019 121.6419 122.1087 122.3069 122.2919 122.1681 122.1206 122.1906
126.375 125.7494 125.0875 124.5975 124.0769 123.37 122.7962 122.5113 122.3625 122.2275 122.0106 121.6431 121.1469 120.6237 120.2312 120.4106 120.86 120.6675 120.1169 119.8213 119.7113 119.5781 119.48 119.5031 119.415 119.0806 118.69 117.6663 116.9413 118.0575 118.9725 118.77 118.6869 118.8712 119.1869 119.4675 119.5662 119.5044 119.4987 119.6394 119.74 119.7487 119.7412 119.7131 119.6888 119.8812 120.1775 120.3231 120.5756 120.8869 121.0019 121.0306 121.1119 121.125 121.0869 121.3975 122.0025 122.4788 122.6694 122.5963 122.3512 122.185 122.235
126.9775 126.1794 125.5431 124.9819 124.1756 123.4025 122.9875 122.7719 122.5431 122.2763 121.9563 121.525 121.0375 120.7844 120.8381 121.0906 121.2325 120.8438 120.32 120.1181 120.0788 120.0075 119.9081 119.875 119.8138 119.5813 119.2494 118.1956 117.3569 118.31 119.1519 118.9725 118.9212 119.1481 119.4881 119.765 119.845 119.7769 119.7569 119.8463 119.93 119.9844 120.0444 120.0281 119.9563 120.1319 120.3925 120.4794 120.7838 121.2356 121.4987 121.645 121.6631 121.4381 121.2869 121.6481 122.2244 122.5769 122.7069 122.5994 122.2975 122.1312 122.2681
127.6494 126.8169 126.0319 125.1269 124.1669 123.5475 123.2581 123.0238 122.7331 122.4106 122.0394 121.5494 120.9788 120.7669 121.1137 121.4731 121.4575 121.075 120.6375 120.4975 120.5338 120.5244 120.4463 120.3238 120.1844 120.0687 119.9137 118.8681 117.8662 118.61 119.3688 119.2231 119.1781 119.3869 119.6806 119.875 119.9175 119.9169 119.9956 120.0612 120.0731 120.1781 120.3631 120.4444 120.3994 120.4919 120.705 120.8581 121.1469 121.5569 121.9025 122.1519 122.0681 121.7081 121.6525 122.0269 122.4425 122.6869 122.76 122.6019 122.275 122.0794 122.1937
127.9013 127.0362 125.8788 124.7556 124.0156 123.6813 123.4994 123.26 122.9613 122.6275 122.2475 121.8225 121.3444 121.1281 121.4006 121.6012 121.5631 121.4187 121.0644 120.9037 121.0119 121.0556 121.0338 120.9231 120.7069 120.545 120.4181 119.3637 118.3063 118.985 119.6712 119.5163 119.4725 119.6275 119.845 119.9769 120.0488 120.1844 120.3487 120.2694 120.0638 120.1675 120.525 120.8231 120.9337 120.9631 121.0775 121.2575 121.5081 121.8794 122.3175 122.5675 122.3325 122.0013 122.1012 122.4062 122.6881 122.975 123.05 122.8388 122.5338 122.2019 122.0381
127.6869 126.7406 125.4662 124.4313 123.9325 123.785 123.6794 123.4362 123.14 122.8575 122.6012 122.4306 122.3069 122.1462 122.055 121.9481 121.8744 121.9125 121.7188 121.5506 121.59 121.5356 121.4675 121.4088 121.2456 121.0475 120.8531 119.7469 118.6719 119.395 120.0894 119.9212 119.8719 119.9669 120.1062 120.1969 120.3013 120.5437 120.715 120.4525 120.1 120.2237 120.6544 121.0888 121.3087 121.1981 121.1419 121.3231 121.5687 121.8894 122.3944 122.7138 122.5625 122.5206 122.7331 122.7844 122.8475 123.1194 123.2819 123.1719 122.8831 122.4338 122.0687
127.5944 126.7363 125.6712 124.81 124.3694 124.2025 124.0413 123.7712 123.5025 123.3412 123.2744 123.2769 123.3887 123.2819 122.885 122.6338 122.5713 122.5231 122.38 122.3112 122.3063 122.1556 122.0556 121.9762 121.7862 121.5863 121.3356 120.1769 118.9137 119.29 119.8769 119.7856 119.7375 119.8006 119.92 119.9531 119.9969 120.2525 120.4169 120.1219 119.8587 120.0719 120.4294 120.7544 120.8913 120.6919 120.5713 120.7181 120.895 121.0706 121.5588 122.1525 122.3531 122.495 122.6831 122.5819 122.5069 122.7281 123.06 123.1612 122.8694 122.5031 122.3544
127.66 126.9506 126.1819 125.5819 125.175 124.8863 124.6131 124.3238 124.085 124.0144 124.03 124.005 124.0475 123.9362 123.5881 123.3138 123.1556 122.9662 122.7281 122.7725 122.9362 122.8006 122.7612 122.7137 122.3719 122.0675 121.7325 120.9688 120.06 119.76 119.8544 119.86 119.8162 119.8587 119.9675 119.9112 119.7262 119.6763 119.7325 119.6913 119.7706 120.13 120.4356 120.5469 120.5112 120.4394 120.4688 120.4863 120.4263 120.3794 120.9175 122.0206 122.5687 122.6244 122.6869 122.5381 122.2869 122.4006 123.0069 123.1981 122.73 122.48 122.6631
127.4756 126.8812 126.2719 125.8656 125.5081 125.1956 124.9219 124.6225 124.375 124.3356 124.3925 124.3456 124.27 124.115 123.9575 123.8112 123.575 123.3394 123.0944 123.0863 123.1825 122.9538 122.8381 122.8131 122.5263 122.2456 121.875 121.9262 122.2356 121.7719 121.3456 121.3456 121.285 121.2606 121.2494 121.0781 120.6481 120.1156 119.9037 120.1731 120.6712 121.2094 121.5506 121.6081 121.62 121.7631 121.9469 121.8662 121.5181 121.2637 121.9781 123.5 124.2063 124.18 124.2219 123.99 123.2494 123.0013 123.7425 123.8394 123.0837 122.7544 122.9644
126.9888 126.7044 126.2138 125.7862 125.43 125.1269 124.9119 124.6444 124.3919 124.3181 124.3881 124.3669 124.2213 124.0794 124.0956 124.17 124.0338 123.8144 123.5731 123.3375 123.1312 122.85 122.6694 122.5837 122.4512 122.2687 121.8819 122.3106 123.2656 122.9831 122.5219 122.5588 122.48 122.3913 122.2581 121.9912 121.5325 120.9175 120.5606 120.8356 121.425 121.98 122.4163 122.7244 123.0456 123.4494 123.7237 123.55 122.9587 122.7025 123.5837 124.8625 125.3063 125.2438 125.3625 125.1244 124.2138 123.8463 124.2644 124.1912 123.6237 123.3375 123.4587
126.4494 126.5119 126.2619 125.7856 125.3425 125 124.8412 124.6731 124.5137 124.3919 124.2931 124.2462 124.1381 124.0587 124.2056 124.4025 124.3031 124.0612 123.7669 123.4737 123.2756 123.0519 122.9519 122.8781 122.6294 122.3044 121.9244 122.5169 123.5094 123.1031 122.6706 122.8569 122.8194 122.7 122.5269 122.2094 121.7925 121.3463 121.0269 121.0775 121.3962 121.8475 122.5837 123.3944 123.95 124.4169 124.6319 124.1994 123.5088 123.535 124.455 125.3275 125.5738 125.4156 125.3763 125.1394 124.5525 124.3556 124.2731 124.0794 124.035 124.0725 124.24
126.13 126.3906 126.2606 125.7969 125.2763 124.9113 124.7988 124.82 124.8606 124.6244 124.2388 124.1025 124.075 124.0669 124.3019 124.6275 124.5594 124.2063 123.8512 123.735 123.7369 123.5519 123.4619 123.2231 122.6362 122.2294 122.0462 122.8688 123.9837 123.5238 122.99 123.1744 123.1362 122.99 122.8269 122.5156 122.1325 121.8031 121.5069 121.3181 121.3306 121.7831 122.8994 124.0469 124.6738 125.01 124.9225 124.1588 123.6975 124.2975 125.1006 125.6513 126.0206 125.8712 125.5837 125.4031 125.0556 124.7244 124.375 124.2169 124.4775 124.8481 125.1194
125.8569 126.25 126.1637 125.8275 125.4375 125.085 124.9394 125.0456 125.0725 124.6231 124.15 124.0081 124.0062 124.0681 124.3512 124.8181 124.8894 124.4431 123.98 123.9631 124.0875 123.9688 123.7438 123.1181 122.3538 122.1663 122.2469 122.9281 123.9256 123.9181 123.6362 123.6306 123.4562 123.2931 123.1763 122.9337 122.6406 122.3981 122.0844 121.7225 121.545 122.0738 123.4 124.5563 125.1881 125.4037 124.9344 123.9969 123.9681 125.1019 125.7712 126.1263 126.6025 126.4756 126.0238 125.7562 125.5225 125.1263 124.7631 124.7087 125.0325 125.5319 125.8344
125.695 126.0169 125.9794 125.8631 125.7231 125.4294 125.2106 125.0994 124.8213 124.3419 124.0444 123.965 123.955 124.0369 124.3175 124.8069 124.9081 124.4544 124.0594 124.0944 124.2431 124.0794 123.5831 122.7913 122.2012 122.25 122.485 123.04 123.8756 124.1194 124.05 124.0219 123.8431 123.6981 123.6119 123.4563 123.2569 123.0519 122.7325 122.2537 121.8631 122.2763 123.6719 125.0106 125.7125 125.6644 124.82 123.885 124.3044 125.6281 126.0537 126.4963 127.1369 126.9531 126.3512 125.8231 125.6756 125.5706 125.3844 125.4031 125.6637 126.0381 126.2769
125.84 126.0444 126.0269 125.9306 125.8925 125.6906 125.3613 124.9744 124.5175 124.1875 124.095 124.0431 123.9469 123.9144 124.0719 124.4706 124.5238 124.235 124.195 124.3056 124.3763 124.01 123.2619 122.6413 122.3794 122.5706 122.8538 123.5287 124.4506 124.425 124.0775 124.1625 124.2038 124.1462 124.0662 123.9538 123.8344 123.6837 123.3969 122.7869 122.1738 122.4762 123.8838 125.475 126.2281 125.7637 124.6263 123.8281 124.5494 125.8169 125.9031 126.1725 126.955 126.9812 126.3481 125.7381 125.6381 125.8081 125.9356 126.0956 126.3194 126.4725 126.5681
126.0925 126.3438 126.3938 126.1363 126.0231 125.8706 125.3906 124.8294 124.4244 124.2731 124.3369 124.3112 124.1175 123.975 123.9437 124.0881 124.045 124.0594 124.4144 124.5994 124.6031 124.0437 123.2438 122.8956 122.8844 123.1394 123.3325 124.0344 125.0206 124.7381 124.0981 124.1981 124.4069 124.4825 124.4463 124.3356 124.2675 124.22 123.9437 123.2462 122.8394 123.54 124.9375 126.2231 126.5612 125.5969 124.3625 123.9306 124.7838 125.8275 125.8356 125.9419 126.59 126.7881 126.3487 125.8869 125.7831 126.0537 126.4075 126.6956 126.9269 126.9563 126.93
126.1525 126.4956 126.6862 126.4362 126.1537 125.9112 125.3794 124.7244 124.405 124.4381 124.6156 124.6331 124.4762 124.4463 124.3956 124.22 123.9081 124.0762 124.775 125.0262 124.8519 124.2681 123.66 123.4269 123.415 123.6219 123.7513 124.4194 125.2631 124.8281 124.2 124.3419 124.5825 124.7288 124.7606 124.7125 124.7062 124.6525 124.2063 123.7213 124.2363 125.51 126.5469 127.0475 126.7369 125.5094 124.4519 124.4187 125.2237 125.8806 125.8475 126.1856 126.8238 126.9025 126.7256 126.5187 126.3875 126.6025 126.9463 127.2525 127.4419 127.4406 127.4006
125.9294 126.3294 126.7069 126.7113 126.3538 125.97 125.5175 124.9025 124.5719 124.6719 124.8619 124.8812 124.8444 124.92 124.8906 124.7356 124.3613 124.4181 125.4187 125.7106 125.0181 124.5238 124.3081 124.0725 123.875 124.0437 124.2456 124.7787 125.4463 125.0406 124.5231 124.6663 124.8731 125.0144 125.0912 125.1744 125.3037 125.2719 124.7962 124.7881 126.0412 127.2237 127.5044 127.3463 126.8344 125.9287 125.2688 125.2994 125.6712 125.8087 125.5494 125.8656 126.7206 127.1375 127.1994 127.09 127.0319 127.1819 127.4506 127.8 127.9819 127.9781 127.9475
125.6381 126.0156 126.4569 126.7756 126.6537 126.2194 125.7756 125.2931 125.0462 125.1919 125.2281 125.235 125.43 125.3856 125.1331 125.2294 125.1263 124.93 125.785 126.0319 125.1656 124.8869 124.9519 124.775 124.5294 124.6581 124.8569 125.3156 126.0181 125.7388 125.15 125.1637 125.3706 125.4356 125.4519 125.5769 125.8031 126.0175 125.9912 126.4069 127.4619 127.9481 127.6969 127.3206 126.9187 126.4713 126.13 125.9962 125.9156 125.6987 125.3356 125.4319 126.365 127.3163 127.4994 127.3231 127.3756 127.5881 127.9475 128.3781 128.6006 128.6212 128.5775
125.7119 125.8712 126.1544 126.5813 126.7281 126.3875 125.9956 125.7781 125.8694 126.1494 126.0406 126.0469 126.4287 126.1894 125.6106 125.745 125.795 125.3081 125.4119 125.4737 125.1706 125.2844 125.4631 125.3919 125.2944 125.3456 125.3175 126.0113 127.03 126.6794 125.9069 125.8044 125.96 125.9394 125.87 125.9344 126.1194 126.4694 126.8481 127.4569 128.0969 128.1269 127.7594 127.3862 127.0619 126.8144 126.5762 126.3394 126.1269 125.8181 125.4294 125.6875 126.86 127.7469 127.6975 127.4669 127.5788 127.9619 128.5031 128.9738 129.2738 129.4806 129.4512
126.6069 126.4431 126.4194 126.5781 126.7238 126.6131 126.5312 126.6594 126.9331 127.185 127.0756 127.0137 127.2544 126.99 126.4187 126.4331 126.3731 125.6356 125.1113 125.1631 125.3525 125.5938 125.7988 125.7812 125.7881 125.7113 125.4538 126.5769 127.9938 127.3719 126.4925 126.3213 126.2569 126.365 126.4481 126.4887 126.6188 126.9281 127.3325 127.845 128.28 128.2269 127.8694 127.5269 127.2831 127.1237 126.9044 126.6369 126.3981 126.0675 125.7631 126.3819 127.775 128.425 128.1594 127.8331 127.8962 128.3625 128.9544 129.4362 129.8913 130.425 130.4381
127.7988 127.6244 127.3194 127.1763 127.3306 127.4569 127.5769 127.6625 127.7812 127.9294 127.8525 127.7656 127.8387 127.6369 127.2869 127.2225 126.8262 125.9081 125.3894 125.6219 125.8862 125.97 126.1012 126.0819 125.9812 125.6969 125.4056 126.73 128.2381 127.4956 126.6544 126.485 126.2962 126.6256 127.0825 127.2688 127.3781 127.645 127.9444 128.2275 128.4469 128.3231 127.975 127.6944 127.5756 127.4731 127.2031 126.8844 126.6325 126.3112 126.3331 127.3244 128.5369 128.9531 128.6769 128.3 128.3031 128.7188 129.2544 129.7406 130.2794 130.9056 130.9894
128.4719 128.4662 128.0137 127.8675 128.1275 128.3844 128.5094 128.2538 128.1769 128.4306 128.6362 128.8325 128.9219 128.6169 128.11 127.8063 127.0494 126.0881 125.8656 126.1075 126.3431 126.48 126.5975 126.5331 126.2181 125.8169 125.5125 126.4744 127.7325 127.2669 126.6669 126.6744 126.6319 126.8731 127.4144 127.83 128.0281 128.33 128.585 128.715 128.7731 128.5762 128.195 127.9306 127.9163 127.8525 127.4837 127.0481 126.7438 126.5544 127.0256 128.2369 129.11 129.2181 128.8644 128.52 128.5919 128.9969 129.4962 129.9869 130.5063 131.0206 131.195
128.6356 128.5963 128.1719 128.075 128.1969 128.3519 128.5213 128.2819 128.2275 128.6525 129.3856 130.0469 129.9769 129.3681 128.5544 127.9013 127.0881 126.3269 126.2981 126.4369 126.5719 126.8381 127.0269 126.9494 126.5594 126.0831 125.6975 126.16 127.0375 126.9637 126.7838 127.0744 127.2756 127.2756 127.3662 127.7744 128.3463 128.8887 129.1438 129.2256 129.325 129.1087 128.5444 128.21 128.2562 128.2581 127.9081 127.3419 126.8531 126.89 127.8063 128.885 129.3856 129.36 128.9725 128.665 128.7881 129.2063 129.7069 130.2106 130.7575 131.255 131.4356
128.4456 128.3212 128.0406 127.8688 127.66 127.5481 127.7756 127.9488 128.265 128.865 129.6856 130.2881 129.7675 128.8256 128.1487 127.645 127.1813 126.7913 126.7269 126.7019 126.6456 126.81 126.9938 126.9344 126.6356 126.1888 125.8119 126.0544 126.6494 126.7369 126.8106 127.21 127.5369 127.5662 127.4731 127.9562 128.895 129.4825 129.6131 129.6763 129.7494 129.4137 128.745 128.4662 128.58 128.6675 128.4631 127.8725 127.2944 127.495 128.45 129.1487 129.3644 129.36 129.1244 128.9325 129.0431 129.4212 129.9175 130.4344 131.0119 131.5106 131.6731
128.1306 127.9631 127.7581 127.5106 127.1425 126.8962 127.2175 127.8675 128.5731 129.2125 129.6125 129.6506 128.8169 127.7681 127.41 127.4269 127.4706 127.3581 127.0612 126.8156 126.71 126.7531 126.7862 126.6425 126.4069 126.1862 125.9744 126.3819 127.0856 126.8662 126.6594 127.02 127.36 127.5625 127.815 128.6525 129.6494 130.0112 129.9875 129.9619 129.7912 129.3375 128.9125 128.8387 128.9531 129.0606 128.9888 128.5 128.0444 128.3 128.8825 129.1812 129.2831 129.3613 129.3975 129.4194 129.5519 129.8581 130.2812 130.7444 131.2294 131.6356 131.8631
127.9356 127.7406 127.5694 127.3475 127.0125 126.8731 127.4756 128.495 129.1938 129.5287 129.5644 129.2762 128.4381 127.5287 127.2675 127.4519 127.6975 127.6031 127.1413 126.8275 126.8337 126.9544 126.8494 126.505 126.2288 126.2219 126.2281 126.8894 127.71 126.9994 126.3919 126.7575 127.1075 127.3775 127.8069 128.7038 129.6588 130.1119 130.175 130.1275 129.935 129.6419 129.4888 129.4825 129.5144 129.56 129.4669 129.0394 128.7381 128.93 129.1625 129.2737 129.3744 129.5725 129.9006 130.1756 130.3963 130.6487 130.9569 131.3069 131.6456 131.9212 132.1494
127.8063 127.6706 127.545 127.4719 127.3988 127.6038 128.4831 129.4919 129.8631 129.6525 129.3956 129.2056 128.6025 127.9812 127.745 127.6681 127.6619 127.4975 127.1263 126.88 126.9475 127.1381 127.0137 126.5825 126.2406 126.315 126.5019 127.2012 127.8181 126.8394 126.1288 126.4938 126.8119 127.0494 127.3906 128.0969 129.0956 129.8587 130.11 130.1994 130.2713 130.2719 130.2744 130.2731 130.2563 130.2238 129.8962 129.3531 129.2388 129.33 129.3231 129.5075 129.765 130.0587 130.4569 130.8419 131.2131 131.5575 131.8569 132.1556 132.4256 132.5975 132.7119
